JD V-C s1
2460440.3743932 -0.48630 0.00233
2460440.3750930 -0.48109 0.00237
2460440.3757922 -0.47764 0.00232
2460440.3764917 -0.48762 0.00230
2460440.3771908 -0.48314 0.00228
2460440.3778902 -0.48395 0.00227
2460440.3785894 -0.48444 0.00230
2460440.3792889 -0.47827 0.00229
2460440.3799880 -0.48628 0.00228
2460440.3806875 -0.48055 0.00230
2460440.3813868 -0.48886 0.00230
2460440.3820866 -0.47992 0.00231
2460440.3827857 -0.48142 0.00231
2460440.3834848 -0.48449 0.00233
2460440.3841844 -0.47895 0.00228
2460440.3848841 -0.47899 0.00228
2460440.3855845 -0.47835 0.00227
2460440.3862839 -0.48736 0.00227
2460440.3869843 -0.48190 0.00227
2460440.3876843 -0.48253 0.00232
2460440.3883837 -0.48289 0.00232
2460440.3890829 -0.48237 0.00229
2460440.3897824 -0.48545 0.00238
2460440.3904826 -0.47846 0.00243
2460440.3911823 -0.48662 0.00243
2460440.3918817 -0.48175 0.00240
2460440.3925813 -0.48464 0.00241
2460440.3932807 -0.48300 0.00261
2460440.3939801 -0.48151 0.00255
2460440.3946795 -0.48308 0.00241
2460440.3953791 -0.48184 0.00239
2460440.3960786 -0.48511 0.00247
2460440.3967793 -0.48067 0.00250
2460440.3974785 -0.48382 0.00250
2460440.3981780 -0.48029 0.00244
2460440.3988782 -0.48294 0.00241
2460440.3995777 -0.48976 0.00241
2460440.4002771 -0.48237 0.00238
2460440.4009764 -0.48233 0.00233
2460440.4016760 -0.48582 0.00235
2460440.4023757 -0.47951 0.00239
2460440.4030753 -0.47693 0.00237
2460440.4037748 -0.48504 0.00236
2460440.4044752 -0.48480 0.00232
2460440.4051754 -0.48431 0.00227
2460440.4058748 -0.48304 0.00225
2460440.4065738 -0.48144 0.00220
2460440.4072733 -0.47849 0.00220
2460440.4079724 -0.48250 0.00219
2460440.4086717 -0.47938 0.00218
2460440.4093711 -0.47885 0.00223
2460440.4100711 -0.47892 0.00225
2460440.4107703 -0.48254 0.00231
2460440.4114694 -0.48424 0.00224
2460440.4121692 -0.48222 0.00224
2460440.4128694 -0.48136 0.00225
2460440.4135690 -0.48656 0.00228
2460440.4142683 -0.48258 0.00227
2460440.4149680 -0.48225 0.00226
2460440.4156675 -0.48634 0.00230
2460440.4163679 -0.48495 0.00228
2460440.4170671 -0.48212 0.00231
2460440.4177667 -0.48298 0.00234
2460440.4184661 -0.47930 0.00238
2460440.4191654 -0.47344 0.00224
2460440.4198647 -0.47445 0.00221
2460440.4205645 -0.47721 0.00221
2460440.4212640 -0.47871 0.00224
2460440.4219645 -0.47344 0.00221
2460440.4257705 -0.47089 0.00216
2460440.4264708 -0.46407 0.00216
2460440.4271705 -0.46821 0.00219
2460440.4278700 -0.46237 0.00219
2460440.4285692 -0.46195 0.00218
2460440.4292683 -0.46116 0.00223
2460440.4299675 -0.46279 0.00230
2460440.4306670 -0.45721 0.00234
2460440.4313664 -0.46035 0.00221
2460440.4320656 -0.46098 0.00221
2460440.4327652 -0.45968 0.00221
2460440.4334647 -0.46193 0.00221
2460440.4341643 -0.46263 0.00222
2460440.4348639 -0.46049 0.00221
2460440.4355632 -0.45685 0.00220
2460440.4362624 -0.45946 0.00220
2460440.4369620 -0.45804 0.00220
2460440.4376616 -0.45595 0.00219
2460440.4383612 -0.45768 0.00223
2460440.4390605 -0.45691 0.00226
2460440.4397598 -0.45791 0.00223
2460440.4404593 -0.45837 0.00226
2460440.4411586 -0.45207 0.00223
2460440.4418587 -0.46234 0.00228
2460440.4425580 -0.45607 0.00224
2460440.4463256 -0.45511 0.00221
2460440.4470257 -0.45942 0.00221
2460440.4477263 -0.45343 0.00223
2460440.4484260 -0.45654 0.00221
2460440.4491258 -0.45275 0.00225
2460440.4498251 -0.45882 0.00226
2460440.4505244 -0.45325 0.00223
2460440.4512238 -0.45513 0.00222
2460440.4519231 -0.45607 0.00223
2460440.4526227 -0.45566 0.00223
2460440.4533220 -0.45192 0.00223
2460440.4540215 -0.45374 0.00221
2460440.4547208 -0.45478 0.00221
2460440.4554199 -0.45558 0.00219
2460440.4561200 -0.45121 0.00218
2460440.4568192 -0.45571 0.00218
2460440.4575184 -0.45557 0.00221
2460440.4582179 -0.45342 0.00219
2460440.4589174 -0.45884 0.00219
2460440.4596169 -0.45708 0.00218
2460440.4603160 -0.45389 0.00217
2460440.4610163 -0.45242 0.00217
2460440.4617157 -0.45675 0.00219
2460440.4624149 -0.45439 0.00219
2460440.4631151 -0.45587 0.00218
2460440.4638146 -0.45859 0.00216
2460440.4645141 -0.45497 0.00216
2460440.4652141 -0.45688 0.00219
2460440.4659137 -0.45679 0.00218
2460440.4666127 -0.45643 0.00218
2460440.4694211 -0.45298 0.00218
2460440.4701210 -0.45296 0.00223
2460440.4708203 -0.45369 0.00225
2460440.4715199 -0.45526 0.00223
2460440.4722195 -0.45467 0.00222
2460440.4764530 -0.45212 0.00227
2460440.4771525 -0.45804 0.00225
2460440.4778520 -0.45457 0.00222
2460440.4785511 -0.45762 0.00223
2460440.4792505 -0.45123 0.00222
2460440.4799510 -0.45475 0.00221
2460440.4806501 -0.46140 0.00222
2460440.4813496 -0.45410 0.00223
2460440.4820492 -0.45875 0.00223
2460440.4827495 -0.45274 0.00223
2460440.4834496 -0.45672 0.00222
2460440.4841500 -0.45897 0.00222
2460440.4848491 -0.45983 0.00222
2460440.4855494 -0.45759 0.00223
2460440.4862496 -0.46050 0.00224
2460440.4869492 -0.45978 0.00224
2460440.4876483 -0.45731 0.00227
2460440.4883477 -0.45984 0.00226
2460440.4890472 -0.45319 0.00225
2460440.4897465 -0.45979 0.00223
2460440.4904459 -0.45797 0.00225
2460440.4911449 -0.45792 0.00223
2460440.4918442 -0.45932 0.00221
2460440.4925433 -0.45744 0.00222
2460440.4932425 -0.46306 0.00220
2460440.4939419 -0.46014 0.00221
2460440.4946421 -0.46189 0.00221
2460440.4953423 -0.46003 0.00223
2460440.4960426 -0.45779 0.00224
2460440.4967428 -0.46620 0.00226
2460440.4974423 -0.46177 0.00227
2460440.4981419 -0.45990 0.00227
2460440.4988411 -0.46099 0.00231
2460440.4995405 -0.46559 0.00231
2460440.5002395 -0.46270 0.00227
2460440.5009390 -0.46614 0.00228
2460440.5016388 -0.45904 0.00229
2460440.5054329 -0.47356 0.00228
2460440.5061323 -0.47121 0.00230
2460440.5068318 -0.47176 0.00225
2460440.5075309 -0.47709 0.00224
2460440.5082312 -0.48068 0.00220
2460440.5089305 -0.48165 0.00221
2460440.5096299 -0.48015 0.00233
2460440.5103296 -0.48308 0.00233
2460440.5110293 -0.48595 0.00233
2460440.5117286 -0.48519 0.00235
2460440.5157973 -0.48170 0.00223
2460440.5164968 -0.47709 0.00224
2460440.5171960 -0.48386 0.00221
2460440.5178961 -0.47921 0.00224
2460440.5185957 -0.48162 0.00223
2460440.5192956 -0.48407 0.00222
2460440.5199950 -0.48048 0.00223
2460440.5206942 -0.47719 0.00227
2460440.5213937 -0.47795 0.00231
2460440.5220931 -0.48282 0.00227
2460440.5227925 -0.47786 0.00220
2460440.5234920 -0.47711 0.00221
2460440.5241915 -0.48273 0.00221
2460440.5248907 -0.48226 0.00224
2460440.5255898 -0.48100 0.00228
2460440.5262891 -0.48097 0.00225
2460440.5269882 -0.48188 0.00226
2460440.5276875 -0.48224 0.00223
2460440.5283876 -0.47908 0.00226
2460440.5290868 -0.47732 0.00225
2460440.5297872 -0.47952 0.00222
2460440.5304875 -0.48048 0.00223
2460440.5311879 -0.48047 0.00224
2460440.5318880 -0.47795 0.00223
2460440.5325874 -0.48185 0.00221
2460440.5332870 -0.48204 0.00221
2460440.5339860 -0.48360 0.00220
2460440.5346856 -0.48107 0.00223
2460440.5353862 -0.48121 0.00222
2460440.5360865 -0.47972 0.00226
2460440.5367870 -0.48181 0.00221
2460440.5374862 -0.48071 0.00222
2460440.5381852 -0.48407 0.00230
2460440.5388842 -0.48389 0.00232
2460440.5395837 -0.47994 0.00226
2460440.5438952 -0.47966 0.00226
2460440.5445946 -0.48090 0.00227
2460440.5452950 -0.48408 0.00232
2460440.5459945 -0.48465 0.00225
2460440.5466938 -0.48107 0.00226
2460440.5473933 -0.48365 0.00227
2460440.5480926 -0.48400 0.00227
2460440.5487918 -0.47713 0.00226
2460440.5494911 -0.48220 0.00229
2460440.5501902 -0.48079 0.00230
2460440.5508898 -0.48217 0.00233
2460440.5515889 -0.48350 0.00231
2460440.5522884 -0.48177 0.00233
2460440.5529878 -0.48290 0.00233
2460440.5536870 -0.48180 0.00232
2460440.5543874 -0.48399 0.00237
2460440.5550870 -0.48176 0.00236
2460440.5557863 -0.48187 0.00235
2460440.5598415 -0.48168 0.00226
