JD V-C s1 V-K1 s2 V-K2 s3 C1-K1 s4 C1-K2 s5 C2-K1 s6 C2-K2 s7 C3-K1 s8 C3-K2 s9 K1-K2 s10
Aperture: 8, Filter: L, JD: geocentric
2460492.3775810 0.81463 0.00505 1.01389 0.00515 1.11196 0.00509 -0.42708 0.00246 -0.32901 0.00231 0.92329 0.00466 1.02137 0.00459 0.57691 0.00383 0.67499 0.00374 0.09808 0.00270
2460492.3790278 0.82883 0.00486 1.02944 0.00496 1.12427 0.00490 -0.42029 0.00239 -0.32546 0.00226 0.91736 0.00441 1.01218 0.00434 0.56994 0.00361 0.66476 0.00353 0.09483 0.00260
2460492.3804745 0.84136 0.00464 1.04228 0.00473 1.14315 0.00468 -0.41949 0.00229 -0.31862 0.00219 0.92017 0.00429 1.02104 0.00424 0.56722 0.00341 0.66808 0.00334 0.10087 0.00250
2460492.3819213 0.84238 0.00430 1.04920 0.00441 1.14269 0.00437 -0.41325 0.00220 -0.31976 0.00213 0.92778 0.00399 1.02127 0.00395 0.57107 0.00322 0.66456 0.00317 0.09349 0.00241
2460492.3833681 0.84919 0.00426 1.05349 0.00436 1.15598 0.00431 -0.41785 0.00215 -0.31536 0.00204 0.92476 0.00386 1.02725 0.00380 0.57403 0.00316 0.67652 0.00309 0.10249 0.00232
2460492.3848264 0.85325 0.00396 1.05502 0.00408 1.15433 0.00402 -0.41821 0.00206 -0.31889 0.00194 0.91974 0.00364 1.01906 0.00357 0.56788 0.00300 0.66719 0.00291 0.09931 0.00224
2460492.3862731 0.86299 0.00390 1.06673 0.00400 1.16463 0.00395 -0.42162 0.00201 -0.32372 0.00191 0.93125 0.00355 1.02915 0.00350 0.57642 0.00294 0.67432 0.00287 0.09790 0.00215
2460492.3877315 0.86508 0.00393 1.07077 0.00403 1.16894 0.00398 -0.41619 0.00202 -0.31802 0.00192 0.92198 0.00363 1.02015 0.00357 0.57781 0.00288 0.67598 0.00281 0.09817 0.00219
2460492.3891782 0.87138 0.00382 1.07389 0.00392 1.17453 0.00388 -0.42016 0.00198 -0.31953 0.00189 0.92744 0.00352 1.02807 0.00347 0.57038 0.00284 0.67101 0.00278 0.10063 0.00214
2460492.3906250 0.87307 0.00374 1.07437 0.00384 1.17618 0.00380 -0.41898 0.00197 -0.31717 0.00188 0.92090 0.00346 1.02272 0.00341 0.56705 0.00281 0.66886 0.00275 0.10182 0.00211
2460492.3920718 0.86520 0.00378 1.06726 0.00388 1.16470 0.00384 -0.42062 0.00195 -0.32318 0.00188 0.92182 0.00338 1.01926 0.00334 0.57366 0.00283 0.67110 0.00277 0.09744 0.00212
2460492.3935301 0.88020 0.00373 1.07471 0.00384 1.17910 0.00380 -0.42891 0.00198 -0.32453 0.00190 0.91670 0.00338 1.02109 0.00334 0.56621 0.00285 0.67059 0.00280 0.10439 0.00214
2460492.3949769 0.86852 0.00353 1.06654 0.00362 1.17090 0.00359 -0.42515 0.00190 -0.32078 0.00183 0.91571 0.00329 1.02008 0.00325 0.57231 0.00272 0.67667 0.00267 0.10436 0.00203
2460492.3964236 0.87427 0.00354 1.07343 0.00365 1.16809 0.00362 -0.42471 0.00189 -0.33004 0.00183 0.92182 0.00330 1.01648 0.00327 0.57161 0.00272 0.66628 0.00268 0.09467 0.00206
2460492.3986343 0.87117 0.00356 1.07208 0.00367 1.17145 0.00363 -0.41954 0.00189 -0.32017 0.00182 0.92219 0.00324 1.02156 0.00320 0.56585 0.00264 0.66523 0.00260 0.09937 0.00203
2460492.4000810 0.86446 0.00347 1.07007 0.00358 1.16815 0.00355 -0.41535 0.00189 -0.31727 0.00182 0.92384 0.00320 1.02192 0.00316 0.57404 0.00266 0.67213 0.00261 0.09809 0.00205
2460492.4015394 0.85555 0.00367 1.05229 0.00379 1.16496 0.00374 -0.42390 0.00196 -0.31123 0.00186 0.91445 0.00335 1.02711 0.00329 0.56472 0.00278 0.67739 0.00271 0.11267 0.00211
2460492.4029861 0.84386 0.00356 1.04335 0.00367 1.14523 0.00363 -0.41974 0.00194 -0.31786 0.00187 0.91876 0.00340 1.02064 0.00336 0.56284 0.00275 0.66471 0.00270 0.10188 0.00211
2460492.4044329 0.84675 0.00358 1.04607 0.00369 1.14697 0.00365 -0.42223 0.00193 -0.32133 0.00186 0.91808 0.00331 1.01898 0.00327 0.56881 0.00275 0.66971 0.00270 0.10090 0.00208
2460492.4058796 0.83164 0.00355 1.02750 0.00366 1.13472 0.00362 -0.42542 0.00195 -0.31820 0.00188 0.91779 0.00336 1.02501 0.00332 0.56239 0.00280 0.66961 0.00275 0.10722 0.00211
2460492.4073264 0.83825 0.00369 1.04074 0.00379 1.14067 0.00376 -0.41908 0.00198 -0.31915 0.00192 0.92569 0.00345 1.02562 0.00341 0.56885 0.00285 0.66878 0.00281 0.09993 0.00215
2460492.4087731 0.81584 0.00359 1.01710 0.00371 1.12415 0.00366 -0.41992 0.00198 -0.31288 0.00189 0.92321 0.00347 1.03026 0.00343 0.56753 0.00279 0.67457 0.00273 0.10704 0.00214
2460492.4102199 0.79773 0.00343 0.99759 0.00355 1.09612 0.00351 -0.42101 0.00194 -0.32248 0.00187 0.91903 0.00338 1.01756 0.00334 0.56736 0.00276 0.66588 0.00272 0.09853 0.00210
2460492.4116667 0.79090 0.00355 0.99224 0.00366 1.09379 0.00362 -0.41845 0.00199 -0.31690 0.00191 0.91695 0.00342 1.01849 0.00337 0.56874 0.00282 0.67029 0.00276 0.10155 0.00214
2460492.4131134 0.76221 0.00341 0.95476 0.00355 1.06164 0.00347 -0.42917 0.00202 -0.32229 0.00189 0.91353 0.00349 1.02041 0.00342 0.56088 0.00287 0.66776 0.00277 0.10688 0.00218
2460492.4145602 0.75554 0.00352 0.95445 0.00365 1.06108 0.00360 -0.42053 0.00200 -0.31390 0.00191 0.91920 0.00344 1.02583 0.00339 0.56207 0.00283 0.66870 0.00277 0.10663 0.00217
2460492.4160069 0.75975 0.00346 0.96427 0.00358 1.06452 0.00353 -0.41663 0.00200 -0.31638 0.00191 0.92270 0.00347 1.02295 0.00342 0.57345 0.00285 0.67370 0.00279 0.10024 0.00216
2460492.4174537 0.74560 0.00327 0.94613 0.00340 1.05271 0.00335 -0.41872 0.00196 -0.31214 0.00186 0.91924 0.00337 1.02582 0.00332 0.56433 0.00277 0.67091 0.00270 0.10658 0.00211
2460492.4196412 0.76430 0.00340 0.96086 0.00353 1.06252 0.00348 -0.42427 0.00197 -0.32261 0.00188 0.91979 0.00338 1.02145 0.00334 0.56104 0.00274 0.66270 0.00268 0.10165 0.00213
2460492.4210880 0.76250 0.00349 0.96599 0.00360 1.06491 0.00355 -0.41860 0.00198 -0.31968 0.00189 0.92074 0.00350 1.01967 0.00345 0.57541 0.00284 0.67434 0.00278 0.09893 0.00214
2460492.4225347 0.76875 0.00339 0.96643 0.00351 1.06922 0.00346 -0.42559 0.00197 -0.32279 0.00189 0.92143 0.00341 1.02423 0.00337 0.56784 0.00282 0.67064 0.00276 0.10280 0.00214
2460492.4239815 0.77796 0.00348 0.98103 0.00360 1.08316 0.00356 -0.41946 0.00200 -0.31733 0.00193 0.92556 0.00351 1.02769 0.00347 0.57230 0.00284 0.67443 0.00280 0.10213 0.00218
2460492.4254282 0.79225 0.00349 0.99465 0.00362 1.09767 0.00356 -0.41971 0.00203 -0.31668 0.00193 0.91975 0.00345 1.02278 0.00340 0.57429 0.00287 0.67731 0.00281 0.10303 0.00218
2460492.4268866 0.81705 0.00363 1.01127 0.00374 1.11621 0.00372 -0.42817 0.00204 -0.32323 0.00199 0.91863 0.00353 1.02358 0.00350 0.56175 0.00290 0.66669 0.00286 0.10494 0.00222
2460492.4283333 0.82564 0.00376 1.02443 0.00388 1.12412 0.00384 -0.42038 0.00208 -0.32069 0.00200 0.91630 0.00362 1.01599 0.00357 0.56326 0.00299 0.66295 0.00294 0.09969 0.00227
2460492.4297801 0.83705 0.00393 1.03317 0.00406 1.13896 0.00400 -0.42484 0.00211 -0.31906 0.00201 0.91697 0.00373 1.02275 0.00367 0.56264 0.00300 0.66842 0.00293 0.10578 0.00229
2460492.4312384 0.84475 0.00371 1.04316 0.00384 1.14853 0.00379 -0.42386 0.00207 -0.31849 0.00198 0.91882 0.00359 1.02419 0.00354 0.56851 0.00297 0.67388 0.00291 0.10537 0.00224
2460492.4326852 0.85190 0.00385 1.05190 0.00396 1.15265 0.00393 -0.42092 0.00205 -0.32017 0.00198 0.91734 0.00361 1.01809 0.00358 0.56898 0.00295 0.66973 0.00290 0.10074 0.00225
2460492.4341319 0.85291 0.00366 1.04979 0.00377 1.15918 0.00373 -0.42399 0.00202 -0.31460 0.00196 0.91753 0.00351 1.02692 0.00347 0.56335 0.00288 0.67274 0.00284 0.10939 0.00218
2460492.4355903 0.85708 0.00371 1.06145 0.00383 1.16028 0.00380 -0.41703 0.00202 -0.31820 0.00196 0.92337 0.00353 1.02220 0.00350 0.57331 0.00288 0.67214 0.00284 0.09883 0.00222
2460492.4370370 0.85649 0.00382 1.05164 0.00393 1.16091 0.00389 -0.42758 0.00205 -0.31831 0.00196 0.91561 0.00351 1.02489 0.00346 0.56635 0.00296 0.67563 0.00290 0.10928 0.00221
2460492.4384838 0.85111 0.00372 1.05317 0.00385 1.15213 0.00380 -0.41541 0.00207 -0.31645 0.00198 0.91761 0.00354 1.01657 0.00349 0.56379 0.00293 0.66275 0.00287 0.09896 0.00223
2460492.4399306 0.86790 0.00383 1.06517 0.00396 1.17282 0.00391 -0.42059 0.00206 -0.31294 0.00196 0.90658 0.00354 1.01424 0.00349 0.56447 0.00294 0.67212 0.00287 0.10765 0.00224
2460492.4413889 0.86564 0.00374 1.06216 0.00386 1.16712 0.00382 -0.42489 0.00203 -0.31994 0.00194 0.91435 0.00344 1.01931 0.00339 0.56634 0.00289 0.67130 0.00283 0.10495 0.00220
2460492.4428356 0.86469 0.00377 1.06589 0.00389 1.16762 0.00384 -0.41807 0.00201 -0.31634 0.00192 0.91698 0.00349 1.01871 0.00344 0.56720 0.00284 0.66893 0.00278 0.10173 0.00218
2460492.4442824 0.86891 0.00378 1.06451 0.00389 1.17395 0.00385 -0.42304 0.00201 -0.31360 0.00193 0.91183 0.00346 1.02127 0.00341 0.55972 0.00287 0.66916 0.00282 0.10944 0.00217
2460492.4457292 0.86585 0.00368 1.06472 0.00381 1.16076 0.00375 -0.41947 0.00203 -0.32343 0.00192 0.91269 0.00351 1.00874 0.00345 0.56398 0.00289 0.66002 0.00281 0.09604 0.00218
2460492.4486227 0.86369 0.00379 1.05289 0.00390 1.15719 0.00386 -0.43223 0.00200 -0.32793 0.00192 0.91626 0.00350 1.02057 0.00345 0.55243 0.00282 0.65673 0.00276 0.10430 0.00217
2460492.4500694 0.87667 0.00377 1.06414 0.00388 1.17155 0.00386 -0.43594 0.00197 -0.32854 0.00193 0.91880 0.00342 1.02621 0.00339 0.55254 0.00283 0.65994 0.00280 0.10741 0.00217
2460492.4515162 0.85384 0.00367 1.04476 0.00380 1.14943 0.00376 -0.43001 0.00201 -0.32534 0.00194 0.92685 0.00346 1.03152 0.00341 0.54660 0.00281 0.65127 0.00276 0.10467 0.00219
2460492.4558565 0.85877 0.00371 1.04748 0.00382 1.15423 0.00377 -0.43300 0.00197 -0.32625 0.00188 0.92173 0.00345 1.02848 0.00340 0.54836 0.00277 0.65511 0.00271 0.10675 0.00213
2460492.4587616 0.84495 0.00364 1.03273 0.00377 1.14019 0.00372 -0.43510 0.00200 -0.32764 0.00192 0.92101 0.00341 1.02848 0.00336 0.55017 0.00279 0.65764 0.00273 0.10746 0.00218
2460492.4616551 0.83604 0.00369 1.02628 0.00380 1.13010 0.00377 -0.42953 0.00200 -0.32571 0.00194 0.91991 0.00349 1.02374 0.00346 0.54752 0.00284 0.65135 0.00280 0.10382 0.00218
2460492.4631134 0.81407 0.00373 1.01037 0.00384 1.10391 0.00380 -0.42612 0.00205 -0.33258 0.00197 0.92948 0.00359 1.02302 0.00354 0.55760 0.00290 0.65114 0.00284 0.09354 0.00222
2460492.4645486 0.80538 0.00360 0.99489 0.00373 1.10455 0.00368 -0.43015 0.00205 -0.32049 0.00196 0.91951 0.00351 1.02917 0.00346 0.54627 0.00292 0.65593 0.00286 0.10966 0.00222
2460492.4660069 0.78751 0.00351 0.98278 0.00363 1.08223 0.00358 -0.42772 0.00202 -0.32827 0.00193 0.92635 0.00347 1.02580 0.00342 0.55949 0.00282 0.65894 0.00276 0.09945 0.00216
2460492.4674653 0.77901 0.00334 0.97141 0.00345 1.07744 0.00341 -0.43108 0.00192 -0.32505 0.00185 0.92431 0.00336 1.03033 0.00332 0.55724 0.00274 0.66326 0.00269 0.10603 0.00208
2460492.4696528 0.75680 0.00318 0.95218 0.00332 1.05627 0.00326 -0.42774 0.00191 -0.32365 0.00182 0.92331 0.00320 1.02741 0.00315 0.56216 0.00267 0.66625 0.00260 0.10409 0.00206
2460492.4710995 0.76260 0.00314 0.95788 0.00326 1.05684 0.00322 -0.43011 0.00186 -0.33115 0.00178 0.92994 0.00315 1.02890 0.00311 0.56293 0.00262 0.66189 0.00256 0.09896 0.00200
2460492.4740046 0.77573 0.00305 0.97209 0.00316 1.06797 0.00313 -0.42734 0.00177 -0.33146 0.00171 0.92245 0.00303 1.01833 0.00300 0.56594 0.00247 0.66182 0.00243 0.09588 0.00191
2460492.4754630 0.78558 0.00311 0.98252 0.00322 1.08270 0.00317 -0.42710 0.00178 -0.32692 0.00170 0.92914 0.00302 1.02932 0.00297 0.56294 0.00248 0.66313 0.00243 0.10018 0.00191
2460492.4769097 0.79505 0.00307 0.98659 0.00319 1.08313 0.00315 -0.43149 0.00178 -0.33494 0.00171 0.91585 0.00304 1.01239 0.00300 0.56071 0.00250 0.65725 0.00245 0.09654 0.00193
2460492.4798148 0.80131 0.00303 0.99367 0.00316 1.09611 0.00311 -0.42942 0.00179 -0.32698 0.00171 0.92460 0.00301 1.02704 0.00296 0.55275 0.00247 0.65519 0.00241 0.10244 0.00193
2460492.4812500 0.82387 0.00304 1.01766 0.00315 1.11560 0.00312 -0.43085 0.00175 -0.33291 0.00169 0.92580 0.00295 1.02375 0.00291 0.56146 0.00245 0.65940 0.00241 0.09795 0.00189
2460492.4827083 0.81950 0.00300 1.01333 0.00310 1.11379 0.00307 -0.42857 0.00174 -0.32812 0.00169 0.92293 0.00296 1.02339 0.00293 0.55801 0.00247 0.65846 0.00244 0.10045 0.00189
2460492.4856019 0.83201 0.00304 1.02280 0.00316 1.12965 0.00312 -0.43414 0.00176 -0.32729 0.00168 0.92447 0.00292 1.03132 0.00288 0.55796 0.00245 0.66480 0.00240 0.10685 0.00190
2460492.4870486 0.83957 0.00305 1.04053 0.00316 1.13036 0.00312 -0.42297 0.00177 -0.33314 0.00170 0.93193 0.00292 1.02176 0.00289 0.56758 0.00245 0.65742 0.00240 0.08983 0.00190
2460492.4884954 0.83830 0.00309 1.03120 0.00320 1.13038 0.00316 -0.43208 0.00176 -0.33290 0.00169 0.92768 0.00298 1.02686 0.00294 0.55942 0.00244 0.65860 0.00239 0.09918 0.00189
2460492.4935995 0.84921 0.00305 1.04761 0.00316 1.14101 0.00312 -0.42358 0.00172 -0.33018 0.00164 0.93055 0.00287 1.02395 0.00283 0.55937 0.00236 0.65277 0.00231 0.09340 0.00185
2460492.4950463 0.84985 0.00297 1.04647 0.00308 1.14216 0.00305 -0.42700 0.00170 -0.33132 0.00165 0.92098 0.00286 1.01667 0.00282 0.56725 0.00237 0.66294 0.00233 0.09569 0.00184
2460492.4964931 0.86974 0.00304 1.05964 0.00315 1.16146 0.00311 -0.43455 0.00171 -0.33273 0.00164 0.92178 0.00286 1.02360 0.00282 0.55720 0.00236 0.65902 0.00231 0.10182 0.00184
2460492.4979514 0.86260 0.00312 1.05808 0.00321 1.15947 0.00319 -0.42740 0.00172 -0.32601 0.00168 0.92269 0.00292 1.02408 0.00289 0.56220 0.00241 0.66359 0.00238 0.10138 0.00185
2460492.5023032 0.87884 0.00306 1.07804 0.00318 1.17011 0.00314 -0.42352 0.00173 -0.33145 0.00167 0.92569 0.00286 1.01776 0.00282 0.56606 0.00244 0.65813 0.00239 0.09207 0.00188
2460492.5037500 0.87546 0.00314 1.07297 0.00324 1.16576 0.00321 -0.42616 0.00175 -0.33336 0.00169 0.93092 0.00293 1.02372 0.00289 0.56175 0.00243 0.65454 0.00238 0.09280 0.00188
2460492.5066435 0.87713 0.00310 1.07185 0.00320 1.17092 0.00317 -0.42813 0.00172 -0.32907 0.00166 0.92140 0.00289 1.02047 0.00285 0.56174 0.00241 0.66080 0.00237 0.09907 0.00186
2460492.5095255 0.86034 0.00307 1.05557 0.00317 1.15473 0.00314 -0.43106 0.00171 -0.33190 0.00164 0.93133 0.00288 1.03049 0.00284 0.56410 0.00240 0.66327 0.00236 0.09916 0.00184
2460492.5131713 0.83531 0.00297 1.02782 0.00308 1.12508 0.00304 -0.43293 0.00171 -0.33566 0.00163 0.92826 0.00286 1.02552 0.00282 0.55949 0.00237 0.65676 0.00231 0.09727 0.00183
2460492.5146296 0.81759 0.00296 1.00918 0.00306 1.10594 0.00303 -0.43430 0.00169 -0.33754 0.00164 0.93254 0.00288 1.02930 0.00285 0.55601 0.00237 0.65277 0.00233 0.09676 0.00182
2460492.5160648 0.79337 0.00293 0.99117 0.00305 1.08685 0.00301 -0.42732 0.00173 -0.33164 0.00166 0.92291 0.00285 1.01859 0.00280 0.57163 0.00240 0.66731 0.00235 0.09568 0.00186
2460492.5175231 0.77945 0.00289 0.97239 0.00300 1.07066 0.00297 -0.43479 0.00171 -0.33652 0.00166 0.93031 0.00287 1.02858 0.00283 0.56451 0.00241 0.66278 0.00238 0.09827 0.00186
2460492.5189699 0.75412 0.00286 0.95023 0.00298 1.05022 0.00294 -0.42644 0.00175 -0.32646 0.00168 0.92800 0.00296 1.02799 0.00292 0.55868 0.00244 0.65867 0.00239 0.09999 0.00188
2460492.5204282 0.74373 0.00293 0.93239 0.00304 1.03219 0.00300 -0.43442 0.00174 -0.33462 0.00167 0.91549 0.00295 1.01529 0.00291 0.55615 0.00249 0.65595 0.00244 0.09980 0.00189
2460492.5218750 0.73956 0.00294 0.92881 0.00306 1.03266 0.00302 -0.43767 0.00177 -0.33382 0.00169 0.92151 0.00299 1.02536 0.00295 0.56245 0.00245 0.66630 0.00240 0.10385 0.00191
2460492.5233218 0.74049 0.00294 0.93798 0.00305 1.03214 0.00302 -0.42853 0.00176 -0.33437 0.00171 0.93412 0.00298 1.02827 0.00295 0.56531 0.00246 0.65946 0.00243 0.09416 0.00191
2460492.5247685 0.74472 0.00293 0.94085 0.00305 1.03486 0.00302 -0.42675 0.00176 -0.33273 0.00171 0.92859 0.00294 1.02261 0.00291 0.55909 0.00245 0.65310 0.00241 0.09401 0.00191
2460492.5262153 0.74892 0.00297 0.94488 0.00308 1.04321 0.00304 -0.42812 0.00177 -0.32979 0.00169 0.92792 0.00299 1.02625 0.00295 0.56225 0.00251 0.66058 0.00245 0.09833 0.00190
2460492.5276620 0.76444 0.00293 0.95476 0.00305 1.05543 0.00300 -0.43121 0.00177 -0.33054 0.00170 0.91685 0.00296 1.01751 0.00292 0.55419 0.00248 0.65486 0.00243 0.10067 0.00190
2460492.5291088 0.77378 0.00300 0.96572 0.00311 1.06742 0.00309 -0.43184 0.00175 -0.33014 0.00170 0.92351 0.00297 1.02521 0.00295 0.55780 0.00245 0.65950 0.00241 0.10170 0.00191
2460492.5305556 0.78545 0.00303 0.98252 0.00314 1.07633 0.00312 -0.42883 0.00174 -0.33501 0.00170 0.92771 0.00291 1.02153 0.00288 0.56884 0.00246 0.66266 0.00243 0.09382 0.00190
2460492.5327546 0.80121 0.00302 1.00100 0.00312 1.09992 0.00310 -0.42617 0.00174 -0.32724 0.00170 0.93513 0.00294 1.03406 0.00292 0.56837 0.00245 0.66729 0.00242 0.09892 0.00189
2460492.5342014 0.81423 0.00310 1.01466 0.00320 1.11227 0.00315 -0.42340 0.00176 -0.32579 0.00168 0.93180 0.00300 1.02941 0.00295 0.56651 0.00247 0.66412 0.00242 0.09761 0.00187
2460492.5356366 0.82951 0.00311 1.02133 0.00322 1.12291 0.00319 -0.43222 0.00175 -0.33064 0.00169 0.91969 0.00297 1.02128 0.00294 0.56096 0.00251 0.66254 0.00246 0.10158 0.00191
2460492.5370949 0.84724 0.00316 1.04853 0.00328 1.14536 0.00324 -0.42032 0.00176 -0.32348 0.00170 0.93166 0.00300 1.02850 0.00296 0.56258 0.00246 0.65941 0.00242 0.09683 0.00192
2460492.5385417 0.85341 0.00313 1.04303 0.00324 1.14961 0.00320 -0.43414 0.00176 -0.32756 0.00169 0.91698 0.00299 1.02356 0.00295 0.55841 0.00248 0.66499 0.00243 0.10658 0.00190
2460492.5399884 0.85916 0.00316 1.05752 0.00325 1.15017 0.00323 -0.42759 0.00172 -0.33495 0.00167 0.93138 0.00294 1.02403 0.00291 0.56861 0.00243 0.66125 0.00240 0.09264 0.00187
2460492.5414352 0.85577 0.00308 1.05265 0.00320 1.15072 0.00317 -0.42574 0.00174 -0.32767 0.00169 0.92400 0.00286 1.02208 0.00283 0.56302 0.00242 0.66109 0.00238 0.09807 0.00188
2460492.5428935 0.86649 0.00313 1.06577 0.00323 1.15881 0.00319 -0.42612 0.00172 -0.33308 0.00166 0.92981 0.00293 1.02285 0.00289 0.56987 0.00244 0.66291 0.00240 0.09304 0.00186
2460492.5443403 0.87573 0.00309 1.07185 0.00319 1.17221 0.00316 -0.42679 0.00169 -0.32643 0.00163 0.92467 0.00284 1.02503 0.00281 0.56197 0.00240 0.66233 0.00236 0.10036 0.00183
2460492.5457870 0.87794 0.00305 1.07678 0.00314 1.17625 0.00312 -0.42596 0.00170 -0.32649 0.00166 0.93346 0.00283 1.03293 0.00281 0.56503 0.00239 0.66451 0.00236 0.09947 0.00183
2460492.5472222 0.88774 0.00310 1.07998 0.00319 1.18081 0.00317 -0.43242 0.00168 -0.33158 0.00164 0.92403 0.00285 1.02486 0.00282 0.56010 0.00237 0.66093 0.00234 0.10083 0.00182
2460492.5486806 0.88457 0.00308 1.08403 0.00319 1.18287 0.00315 -0.42407 0.00169 -0.32523 0.00162 0.93196 0.00281 1.03080 0.00277 0.56401 0.00237 0.66285 0.00232 0.09884 0.00182
2460492.5501273 0.88717 0.00301 1.08340 0.00310 1.18165 0.00307 -0.42775 0.00167 -0.32950 0.00161 0.92233 0.00284 1.02057 0.00280 0.56650 0.00235 0.66475 0.00231 0.09825 0.00179
2460492.5515741 0.88591 0.00303 1.07959 0.00314 1.18218 0.00311 -0.43157 0.00167 -0.32898 0.00162 0.92138 0.00277 1.02396 0.00274 0.56595 0.00231 0.66854 0.00227 0.10259 0.00180
2460492.5537616 0.89189 0.00305 1.08574 0.00315 1.18072 0.00312 -0.42895 0.00166 -0.33397 0.00160 0.92119 0.00276 1.01616 0.00273 0.56027 0.00233 0.65525 0.00229 0.09498 0.00181
2460492.5552083 0.89023 0.00301 1.08862 0.00311 1.17980 0.00309 -0.42452 0.00166 -0.33334 0.00160 0.92756 0.00277 1.01874 0.00274 0.56375 0.00234 0.65493 0.00231 0.09118 0.00179
2460492.5566667 0.87773 0.00298 1.07400 0.00308 1.16772 0.00306 -0.42882 0.00166 -0.33511 0.00162 0.92758 0.00280 1.02129 0.00278 0.56554 0.00231 0.65926 0.00228 0.09372 0.00181
2460492.5581134 0.88391 0.00300 1.07567 0.00310 1.17262 0.00307 -0.43391 0.00164 -0.33695 0.00159 0.92086 0.00280 1.01781 0.00277 0.56409 0.00230 0.66105 0.00227 0.09696 0.00178
2460492.5595602 0.86640 0.00301 1.06177 0.00311 1.16474 0.00308 -0.43042 0.00166 -0.32745 0.00160 0.92829 0.00281 1.03126 0.00277 0.56522 0.00236 0.66819 0.00232 0.10297 0.00179
2460492.5610069 0.85131 0.00291 1.04844 0.00301 1.15005 0.00298 -0.42564 0.00165 -0.32403 0.00160 0.92017 0.00280 1.02178 0.00277 0.56656 0.00234 0.66817 0.00230 0.10161 0.00179
2460492.5624537 0.84066 0.00296 1.03737 0.00307 1.14062 0.00303 -0.42737 0.00168 -0.32412 0.00162 0.92415 0.00282 1.02740 0.00278 0.56624 0.00232 0.66949 0.00228 0.10325 0.00181
2460492.5639005 0.81587 0.00293 1.01714 0.00304 1.11350 0.00300 -0.41991 0.00169 -0.32356 0.00163 0.92773 0.00280 1.02409 0.00277 0.56430 0.00238 0.66066 0.00234 0.09636 0.00182
2460492.5667940 0.78450 0.00290 0.98050 0.00301 1.07897 0.00298 -0.42853 0.00169 -0.33006 0.00164 0.92976 0.00283 1.02823 0.00281 0.56214 0.00238 0.66061 0.00235 0.09847 0.00184
2460492.5682523 0.75767 0.00287 0.95946 0.00299 1.05277 0.00295 -0.42357 0.00171 -0.33027 0.00164 0.93654 0.00285 1.02985 0.00281 0.56931 0.00242 0.66262 0.00237 0.09331 0.00184
2460492.5696991 0.74478 0.00285 0.94483 0.00296 1.03951 0.00292 -0.42533 0.00171 -0.33066 0.00165 0.93112 0.00283 1.02580 0.00279 0.57022 0.00242 0.66490 0.00238 0.09468 0.00184
2460492.5711343 0.72343 0.00286 0.92190 0.00297 1.01592 0.00293 -0.42688 0.00172 -0.33286 0.00166 0.92555 0.00294 1.01957 0.00290 0.57145 0.00244 0.66547 0.00240 0.09402 0.00186
2460492.5725926 0.72337 0.00287 0.91593 0.00300 1.01496 0.00296 -0.42956 0.00173 -0.33054 0.00166 0.92482 0.00290 1.02385 0.00286 0.55382 0.00240 0.65285 0.00235 0.09902 0.00187
2460492.5747685 0.72674 0.00290 0.91935 0.00302 1.02441 0.00298 -0.43169 0.00175 -0.32662 0.00168 0.92152 0.00295 1.02658 0.00291 0.56165 0.00246 0.66671 0.00242 0.10506 0.00189
2460492.5762269 0.73561 0.00299 0.92666 0.00310 1.03220 0.00307 -0.42937 0.00175 -0.32383 0.00169 0.91849 0.00303 1.02403 0.00299 0.55151 0.00246 0.65706 0.00241 0.10554 0.00191
2460492.5776736 0.75613 0.00305 0.95673 0.00317 1.05419 0.00311 -0.42149 0.00179 -0.32403 0.00169 0.92710 0.00305 1.02456 0.00299 0.56587 0.00249 0.66333 0.00242 0.09746 0.00192
2460492.5791204 0.76566 0.00301 0.96208 0.00313 1.06109 0.00308 -0.42622 0.00179 -0.32722 0.00171 0.92531 0.00302 1.02431 0.00297 0.56133 0.00255 0.66034 0.00250 0.09900 0.00193
2460492.5805787 0.78789 0.00313 0.98568 0.00324 1.07645 0.00322 -0.42458 0.00178 -0.33380 0.00174 0.92452 0.00304 1.01530 0.00302 0.56357 0.00254 0.65435 0.00250 0.09078 0.00195
2460492.5820255 0.79783 0.00311 0.99473 0.00321 1.09270 0.00317 -0.42738 0.00177 -0.32941 0.00170 0.92998 0.00307 1.02794 0.00303 0.56290 0.00253 0.66087 0.00248 0.09797 0.00191
2460492.5834606 0.80985 0.00315 1.00216 0.00328 1.10025 0.00323 -0.42953 0.00182 -0.33143 0.00174 0.92614 0.00311 1.02424 0.00306 0.55171 0.00254 0.64981 0.00248 0.09810 0.00198
2460492.5849190 0.81543 0.00324 1.01276 0.00334 1.10979 0.00331 -0.42691 0.00179 -0.32987 0.00174 0.93228 0.00308 1.02931 0.00305 0.56190 0.00256 0.65893 0.00252 0.09703 0.00195
2460492.5863657 0.83540 0.00329 1.02557 0.00339 1.13261 0.00335 -0.43484 0.00183 -0.32780 0.00175 0.92270 0.00312 1.02974 0.00308 0.55836 0.00263 0.66540 0.00257 0.10704 0.00197
2460492.5878125 0.85105 0.00340 1.05047 0.00351 1.14663 0.00347 -0.42389 0.00185 -0.32773 0.00178 0.93118 0.00315 1.02734 0.00311 0.56393 0.00259 0.66009 0.00254 0.09616 0.00199
2460492.5892708 0.85429 0.00344 1.05035 0.00355 1.15472 0.00351 -0.42673 0.00186 -0.32237 0.00177 0.92372 0.00322 1.02808 0.00317 0.56223 0.00262 0.66659 0.00257 0.10437 0.00201
2460492.5907176 0.85553 0.00346 1.04795 0.00357 1.15159 0.00353 -0.42894 0.00186 -0.32530 0.00178 0.92298 0.00314 1.02662 0.00310 0.55297 0.00263 0.65662 0.00257 0.10364 0.00199
2460492.5921644 0.87524 0.00349 1.06613 0.00360 1.16915 0.00356 -0.43389 0.00189 -0.33087 0.00181 0.92764 0.00321 1.03066 0.00317 0.55550 0.00267 0.65852 0.00262 0.10302 0.00203
2460492.5936111 0.87856 0.00350 1.07011 0.00362 1.17969 0.00358 -0.43007 0.00189 -0.32048 0.00181 0.91926 0.00327 1.02885 0.00323 0.55475 0.00266 0.66434 0.00260 0.10959 0.00206
2460492.5957986 0.89327 0.00366 1.08614 0.00375 1.18463 0.00372 -0.42702 0.00186 -0.32853 0.00180 0.91871 0.00326 1.01720 0.00322 0.55314 0.00264 0.65164 0.00259 0.09849 0.00201
2460492.5972454 0.88687 0.00360 1.08186 0.00372 1.18518 0.00367 -0.42732 0.00190 -0.32399 0.00180 0.92790 0.00325 1.03123 0.00319 0.55621 0.00266 0.65954 0.00259 0.10333 0.00204
2460492.5986921 0.89411 0.00361 1.07501 0.00372 1.18695 0.00368 -0.44077 0.00191 -0.32883 0.00184 0.90137 0.00330 1.01331 0.00326 0.54949 0.00270 0.66143 0.00265 0.11194 0.00206
2460492.6001505 0.88484 0.00368 1.08321 0.00378 1.18285 0.00374 -0.41571 0.00192 -0.31607 0.00183 0.91886 0.00332 1.01850 0.00327 0.54822 0.00268 0.64786 0.00262 0.09964 0.00206
2460492.6015972 0.88453 0.00353 1.07897 0.00363 1.18206 0.00359 -0.42738 0.00190 -0.32428 0.00181 0.93287 0.00337 1.03597 0.00332 0.55055 0.00269 0.65364 0.00263 0.10309 0.00205
2460492.6030324 0.89418 0.00371 1.07933 0.00381 1.18711 0.00377 -0.43375 0.00192 -0.32597 0.00184 0.91328 0.00335 1.02106 0.00330 0.54134 0.00265 0.64911 0.00259 0.10778 0.00206
2460492.6044792 0.88503 0.00379 1.08089 0.00389 1.17782 0.00386 -0.42658 0.00191 -0.32965 0.00185 0.92117 0.00330 1.01810 0.00326 0.56286 0.00276 0.65979 0.00273 0.09693 0.00207
2460492.6059259 0.87546 0.00362 1.06183 0.00373 1.16799 0.00370 -0.43409 0.00193 -0.32794 0.00187 0.91269 0.00336 1.01885 0.00332 0.54775 0.00276 0.65391 0.00272 0.10616 0.00211
2460492.6073727 0.87575 0.00368 1.06850 0.00379 1.17399 0.00375 -0.43095 0.00195 -0.32546 0.00187 0.92803 0.00339 1.03352 0.00335 0.55574 0.00278 0.66123 0.00272 0.10549 0.00211
2460492.6088310 0.87116 0.00384 1.06240 0.00394 1.17144 0.00390 -0.43126 0.00198 -0.32222 0.00189 0.92160 0.00349 1.03065 0.00344 0.55475 0.00283 0.66380 0.00277 0.10905 0.00213
2460492.6102894 0.86669 0.00377 1.06853 0.00387 1.16596 0.00383 -0.41792 0.00200 -0.32050 0.00192 0.92859 0.00351 1.02601 0.00346 0.56119 0.00284 0.65862 0.00279 0.09742 0.00215
2460492.6117361 0.86270 0.00381 1.06170 0.00393 1.16339 0.00387 -0.41714 0.00200 -0.31544 0.00188 0.92330 0.00344 1.02499 0.00337 0.55117 0.00280 0.65287 0.00272 0.10170 0.00214
2460492.6131713 0.86121 0.00384 1.05551 0.00395 1.15938 0.00390 -0.42548 0.00199 -0.32161 0.00189 0.92672 0.00358 1.03059 0.00352 0.54961 0.00286 0.65348 0.00279 0.10387 0.00216
2460492.6146296 0.83280 0.00378 1.02494 0.00388 1.12947 0.00384 -0.43090 0.00201 -0.32638 0.00193 0.92280 0.00348 1.02732 0.00344 0.55678 0.00289 0.66131 0.00284 0.10453 0.00216
2460492.6168171 0.82022 0.00373 1.00954 0.00383 1.10782 0.00380 -0.43222 0.00200 -0.33394 0.00193 0.91680 0.00350 1.01508 0.00347 0.55247 0.00285 0.65075 0.00280 0.09828 0.00216
2460492.6182639 0.80051 0.00360 0.99407 0.00371 1.10090 0.00367 -0.42701 0.00202 -0.32019 0.00195 0.91900 0.00357 1.02583 0.00353 0.55584 0.00287 0.66267 0.00282 0.10683 0.00218
2460492.6197222 0.77741 0.00377 0.97352 0.00388 1.07031 0.00384 -0.42266 0.00204 -0.32586 0.00197 0.92624 0.00353 1.02303 0.00349 0.55057 0.00292 0.64737 0.00287 0.09679 0.00220
2460492.6211690 0.76630 0.00363 0.95854 0.00374 1.06776 0.00370 -0.43016 0.00204 -0.32093 0.00196 0.92096 0.00355 1.03018 0.00351 0.55665 0.00293 0.66587 0.00288 0.10922 0.00220
2460492.6226157 0.76113 0.00369 0.94622 0.00381 1.06522 0.00374 -0.43325 0.00210 -0.31425 0.00198 0.91221 0.00375 1.03120 0.00369 0.54063 0.00295 0.65963 0.00287 0.11900 0.00225
2460492.6240625 0.75983 0.00369 0.94398 0.00382 1.05216 0.00376 -0.43775 0.00209 -0.32957 0.00199 0.91535 0.00362 1.02353 0.00356 0.54558 0.00297 0.65376 0.00291 0.10818 0.00226
2460492.6255093 0.75688 0.00377 0.95345 0.00388 1.05385 0.00384 -0.42190 0.00208 -0.32150 0.00200 0.92582 0.00371 1.02621 0.00367 0.55097 0.00295 0.65137 0.00289 0.10040 0.00226
2460492.6269560 0.76115 0.00372 0.95905 0.00385 1.05855 0.00378 -0.42146 0.00213 -0.32195 0.00200 0.92593 0.00375 1.02543 0.00368 0.55533 0.00301 0.65484 0.00293 0.09950 0.00228
2460492.6284144 0.76451 0.00379 0.95995 0.00389 1.07232 0.00386 -0.42784 0.00207 -0.31546 0.00202 0.92310 0.00373 1.03548 0.00370 0.56281 0.00305 0.67518 0.00302 0.11237 0.00226
2460492.6298727 0.79654 0.00387 0.98927 0.00399 1.10202 0.00393 -0.42535 0.00215 -0.31260 0.00205 0.92034 0.00374 1.03309 0.00368 0.54731 0.00308 0.66006 0.00301 0.11274 0.00230
2460492.6313194 0.79463 0.00393 0.99099 0.00403 1.09427 0.00400 -0.42226 0.00213 -0.31898 0.00206 0.91553 0.00379 1.01881 0.00375 0.55827 0.00310 0.66155 0.00305 0.10328 0.00232
2460492.6327662 0.82097 0.00410 1.00574 0.00421 1.11853 0.00417 -0.43569 0.00216 -0.32289 0.00208 0.91585 0.00386 1.02864 0.00381 0.54271 0.00309 0.65550 0.00304 0.11279 0.00236
2460492.6342130 0.82254 0.00416 1.01615 0.00429 1.12771 0.00423 -0.42441 0.00218 -0.31284 0.00208 0.92060 0.00387 1.03216 0.00382 0.54845 0.00306 0.66002 0.00299 0.11157 0.00237
2460492.6356713 0.84253 0.00418 1.02967 0.00429 1.13167 0.00423 -0.43351 0.00221 -0.33151 0.00210 0.91278 0.00392 1.01478 0.00385 0.54945 0.00318 0.65145 0.00310 0.10200 0.00237
2460492.6378588 0.84620 0.00433 1.03337 0.00442 1.14399 0.00437 -0.43036 0.00223 -0.31974 0.00214 0.92087 0.00414 1.03149 0.00409 0.53611 0.00322 0.64673 0.00316 0.11062 0.00240
2460492.6393171 0.87060 0.00433 1.05582 0.00444 1.15421 0.00440 -0.43298 0.00227 -0.33459 0.00217 0.90707 0.00398 1.00546 0.00393 0.54421 0.00326 0.64260 0.00320 0.09839 0.00245
2460492.6407523 0.86701 0.00458 1.04722 0.00469 1.16453 0.00464 -0.44021 0.00228 -0.32290 0.00217 0.91227 0.00411 1.02958 0.00405 0.53739 0.00329 0.65470 0.00322 0.11731 0.00246
2460492.6421991 0.88429 0.00453 1.08238 0.00464 1.17887 0.00459 -0.42154 0.00232 -0.32506 0.00223 0.92672 0.00432 1.02321 0.00427 0.55578 0.00337 0.65226 0.00331 0.09648 0.00253
2460492.6436458 0.88990 0.00471 1.07094 0.00481 1.18385 0.00476 -0.43507 0.00232 -0.32215 0.00221 0.91022 0.00428 1.02314 0.00422 0.52966 0.00343 0.64258 0.00336 0.11292 0.00253
2460492.6451042 0.88577 0.00472 1.07345 0.00483 1.18429 0.00478 -0.42890 0.00235 -0.31806 0.00226 0.91282 0.00421 1.02366 0.00416 0.54032 0.00341 0.65116 0.00335 0.11084 0.00255
2460492.6465509 0.89055 0.00481 1.07248 0.00493 1.18458 0.00487 -0.43432 0.00241 -0.32221 0.00229 0.91570 0.00436 1.02780 0.00429 0.52771 0.00347 0.63982 0.00339 0.11211 0.00262
2460492.6479977 0.90021 0.00495 1.08039 0.00506 1.20717 0.00500 -0.43595 0.00245 -0.30916 0.00231 0.91224 0.00444 1.03902 0.00437 0.52686 0.00357 0.65364 0.00347 0.12679 0.00264
2460492.6494444 0.89932 0.00505 1.08130 0.00519 1.19384 0.00511 -0.43544 0.00254 -0.32290 0.00236 0.91281 0.00460 1.02534 0.00450 0.53268 0.00362 0.64521 0.00350 0.11253 0.00273
2460492.6509028 0.89046 0.00535 1.08129 0.00546 1.18959 0.00542 -0.42247 0.00255 -0.31418 0.00246 0.91162 0.00469 1.01992 0.00464 0.53863 0.00373 0.64692 0.00366 0.10829 0.00280
2460492.6523495 0.88760 0.00552 1.07128 0.00563 1.19384 0.00557 -0.42984 0.00264 -0.30728 0.00250 0.91039 0.00478 1.03295 0.00471 0.52780 0.00384 0.65035 0.00375 0.12256 0.00284
2460492.6537963 0.91222 0.00566 1.09436 0.00576 1.20093 0.00571 -0.43590 0.00267 -0.32933 0.00256 0.91563 0.00504 1.02219 0.00498 0.53247 0.00392 0.63904 0.00385 0.10657 0.00290
2460492.6552546 0.89960 0.00616 1.07827 0.00630 1.19211 0.00622 -0.43264 0.00288 -0.31880 0.00270 0.89719 0.00519 1.01103 0.00509 0.52323 0.00415 0.63707 0.00403 0.11384 0.00310
2460492.6567014 0.89398 0.00626 1.08443 0.00638 1.19934 0.00631 -0.42277 0.00300 -0.30786 0.00284 0.90870 0.00561 1.02360 0.00552 0.53985 0.00455 0.65475 0.00445 0.11491 0.00327
2460492.6588773 0.89220 0.00710 1.06693 0.00725 1.18874 0.00716 -0.44304 0.00333 -0.32123 0.00315 0.92893 0.00645 1.05074 0.00635 0.51008 0.00501 0.63189 0.00488 0.12181 0.00370
2460492.6603241 0.88648 0.00806 1.05757 0.00824 1.18456 0.00807 -0.44606 0.00388 -0.31907 0.00349 0.91968 0.00746 1.04667 0.00726 0.50881 0.00571 0.63579 0.00546 0.12699 0.00414
2460492.6617708 0.90972 0.00965 1.08134 0.00984 1.20546 0.00971 -0.44916 0.00437 -0.32504 0.00409 0.92512 0.00854 1.04923 0.00840 0.51473 0.00650 0.63884 0.00632 0.12412 0.00481
2460492.6632176 0.89709 0.01181 1.09162 0.01195 1.20478 0.01184 -0.42581 0.00516 -0.31265 0.00489 0.95692 0.01067 1.07008 0.01055 0.53055 0.00798 0.64371 0.00781 0.11316 0.00569
2460492.6646644 0.89318 0.01409 1.04910 0.01435 1.17531 0.01416 -0.45090 0.00643 -0.32469 0.00599 0.91525 0.01282 1.04146 0.01260 0.46197 0.00940 0.58818 0.00911 0.12621 0.00701
2460492.6661111 0.88906 0.01704 1.04387 0.01735 1.16459 0.01713 -0.46232 0.00769 -0.34159 0.00718 0.92555 0.01552 1.04627 0.01528 0.47753 0.01161 0.59825 0.01128 0.12072 0.00855
