JD V-C s1 V-K1 s2 V-K2 s3 C1-K1 s4 C1-K2 s5 C2-K1 s6 C2-K2 s7 K1-K2 s8
Aperture: 6, Filter: L, JD: geocentric
2460492.3775810 0.78597 0.00432 -0.53655 0.00571 -1.74101 0.01413 0.55506 0.00893 -0.64940 0.01571 -1.97424 0.00494 -3.17871 0.01383 -1.20446 0.01461
2460492.3790278 0.79581 0.00415 -0.51725 0.00535 -1.68884 0.01279 0.57094 0.00836 -0.60066 0.01432 -1.96541 0.00457 -3.13700 0.01249 -1.17159 0.01321
2460492.3804745 0.80246 0.00403 -0.50375 0.00512 -1.66632 0.01183 0.57515 0.00809 -0.58741 0.01338 -1.95831 0.00437 -3.12087 0.01152 -1.16256 0.01223
2460492.3819213 0.81087 0.00385 -0.49810 0.00495 -1.67745 0.01102 0.56904 0.00779 -0.61031 0.01256 -1.96074 0.00425 -3.14009 0.01073 -1.17935 0.01144
2460492.3833681 0.81991 0.00371 -0.49438 0.00481 -1.67146 0.01114 0.55743 0.00722 -0.61964 0.01237 -1.96545 0.00410 -3.14252 0.01085 -1.17707 0.01150
2460492.3848264 0.81558 0.00350 -0.49094 0.00452 -1.65373 0.01039 0.57448 0.00678 -0.58831 0.01156 -1.95857 0.00385 -3.12136 0.01012 -1.16279 0.01073
2460492.3862731 0.83538 0.00350 -0.48725 0.00445 -1.68157 0.01013 0.56512 0.00674 -0.62920 0.01132 -1.97534 0.00377 -3.16966 0.00985 -1.19432 0.01045
2460492.3877315 0.83466 0.00350 -0.47761 0.00454 -1.66115 0.01003 0.57061 0.00671 -0.61292 0.01118 -1.96451 0.00386 -3.14805 0.00974 -1.18354 0.01037
2460492.3891782 0.83852 0.00342 -0.47907 0.00438 -1.65660 0.00963 0.56281 0.00648 -0.61471 0.01075 -1.96959 0.00370 -3.14712 0.00934 -1.17753 0.00994
2460492.3906250 0.83803 0.00342 -0.47679 0.00438 -1.65371 0.00955 0.57644 0.00657 -0.60047 0.01073 -1.96786 0.00372 -3.14478 0.00926 -1.17692 0.00988
2460492.3920718 0.83200 0.00340 -0.49190 0.00443 -1.65818 0.01001 0.55601 0.00644 -0.61027 0.01105 -1.97586 0.00377 -3.14214 0.00974 -1.16628 0.01034
2460492.3935301 0.84553 0.00340 -0.47319 0.00440 -1.65673 0.00964 0.57497 0.00646 -0.60857 0.01074 -1.97200 0.00374 -3.15554 0.00936 -1.18354 0.00997
2460492.3949769 0.83755 0.00329 -0.47892 0.00425 -1.66509 0.00957 0.56680 0.00630 -0.61937 0.01064 -1.96875 0.00363 -3.15491 0.00931 -1.18617 0.00989
2460492.3964236 0.84087 0.00328 -0.48317 0.00427 -1.66607 0.00903 0.55438 0.00628 -0.62852 0.01014 -1.97585 0.00364 -3.15875 0.00876 -1.18290 0.00938
2460492.3986343 0.83755 0.00326 -0.47587 0.00414 -1.65730 0.00878 0.56279 0.00611 -0.61864 0.00986 -1.96501 0.00349 -3.14644 0.00849 -1.18143 0.00907
2460492.4000810 0.83003 0.00322 -0.48169 0.00414 -1.66234 0.00921 0.57233 0.00609 -0.60831 0.01023 -1.96407 0.00353 -3.14471 0.00895 -1.18064 0.00952
2460492.4015394 0.82314 0.00330 99.99999 9.99999 99.99999 9.99999 99.99999 9.99999 99.99999 9.99999 99.99999 9.99999 99.99999 9.99999 99.99999 9.99999
2460492.4029861 0.81492 0.00329 -0.49933 0.00422 -1.68406 0.00918 0.54928 0.00623 -0.63546 0.01026 -1.96459 0.00359 -3.14933 0.00891 -1.18474 0.00949
2460492.4044329 0.81564 0.00332 -0.49207 0.00420 -1.67051 0.00922 0.57122 0.00632 -0.60722 0.01036 -1.95957 0.00356 -3.13800 0.00895 -1.17844 0.00952
2460492.4058796 0.80069 0.00331 -0.51062 0.00428 -1.70268 0.00932 0.56542 0.00638 -0.62664 0.01045 -1.96296 0.00367 -3.15502 0.00905 -1.19206 0.00966
2460492.4073264 0.80066 0.00339 -0.50949 0.00435 -1.68668 0.00919 0.57537 0.00649 -0.60182 0.01038 -1.96265 0.00371 -3.13984 0.00891 -1.17719 0.00953
2460492.4087731 0.78060 0.00332 -0.54337 0.00434 -1.72596 0.00941 0.55638 0.00640 -0.62621 0.01052 -1.97596 0.00373 -3.15856 0.00915 -1.18259 0.00977
2460492.4102199 0.76538 0.00326 -0.55288 0.00420 -1.74881 0.00925 0.56182 0.00635 -0.63410 0.01040 -1.97023 0.00362 -3.16616 0.00900 -1.19593 0.00960
2460492.4116667 0.75422 0.00330 -0.55967 0.00432 -1.75247 0.00897 0.55811 0.00642 -0.63469 0.01015 -1.96507 0.00374 -3.15786 0.00871 -1.19280 0.00936
2460492.4131134 0.73316 0.00326 99.99999 9.99999 -1.76234 0.00948 99.99999 9.99999 -0.60836 0.01065 99.99999 9.99999 -3.14816 0.00925 99.99999 9.99999
2460492.4145602 0.72072 0.00332 -0.59886 0.00434 -1.77016 0.00944 0.55631 0.00654 -0.61500 0.01063 -1.97113 0.00377 -3.14244 0.00919 -1.17131 0.00982
2460492.4160069 0.72384 0.00327 -0.59315 0.00424 -1.76400 0.00970 0.56026 0.00642 -0.61060 0.01083 -1.96868 0.00368 -3.13953 0.00947 -1.17085 0.01005
2460492.4174537 0.71293 0.00316 -0.60578 0.00426 -1.76815 0.00914 0.54855 0.00631 -0.61382 0.01026 -1.96943 0.00375 -3.13180 0.00892 -1.16237 0.00956
2460492.4196412 0.73192 0.00324 -0.59026 0.00423 -1.75958 0.00907 0.56085 0.00638 -0.60847 0.01025 -1.97443 0.00368 -3.14375 0.00883 -1.16932 0.00945
2460492.4210880 0.72952 0.00327 -0.59456 0.00424 -1.76043 0.00938 0.55442 0.00640 -0.61145 0.01053 -1.97590 0.00367 -3.14177 0.00913 -1.16587 0.00973
2460492.4225347 0.73870 0.00321 -0.59075 0.00428 -1.77034 0.00907 0.55688 0.00634 -0.62271 0.01020 -1.98202 0.00374 -3.16160 0.00882 -1.17958 0.00947
2460492.4239815 0.74463 0.00334 -0.56238 0.00428 -1.74842 0.00950 0.57781 0.00661 -0.60823 0.01075 -1.95944 0.00371 -3.14548 0.00925 -1.18604 0.00986
2460492.4254282 0.76083 0.00332 -0.56388 0.00435 -1.75496 0.00969 0.54710 0.00651 -0.64398 0.01083 -1.97587 0.00378 -3.16695 0.00945 -1.19108 0.01006
2460492.4268866 0.78418 0.00345 -0.53729 0.00448 -1.71263 0.00969 0.57357 0.00678 -0.60177 0.01094 -1.97488 0.00388 -3.15022 0.00942 -1.17534 0.01008
2460492.4283333 0.79313 0.00349 -0.53467 0.00457 -1.72544 0.01008 0.56012 0.00679 -0.63065 0.01126 -1.98053 0.00393 -3.17130 0.00981 -1.19078 0.01046
2460492.4297801 0.80160 0.00363 -0.52180 0.00470 -1.69207 0.01008 0.56127 0.00709 -0.60899 0.01140 -1.97582 0.00403 -3.14608 0.00979 -1.17026 0.01047
2460492.4312384 0.80989 0.00351 -0.50240 0.00447 -1.67711 0.00958 0.58076 0.00686 -0.59394 0.01091 -1.96551 0.00383 -3.14021 0.00930 -1.17470 0.00994
2460492.4326852 0.81306 0.00350 -0.50155 0.00453 -1.68065 0.00993 0.58234 0.00668 -0.59676 0.01108 -1.96819 0.00386 -3.14729 0.00964 -1.17910 0.01027
2460492.4341319 0.82215 0.00343 -0.50783 0.00449 -1.67286 0.00966 0.56337 0.00665 -0.60166 0.01083 -1.98323 0.00387 -3.14826 0.00939 -1.16503 0.01004
2460492.4355903 0.82632 0.00343 -0.49898 0.00453 -1.66441 0.00970 0.55699 0.00659 -0.60843 0.01082 -1.97748 0.00389 -3.14291 0.00942 -1.16543 0.01008
2460492.4384838 0.81831 0.00345 -0.50352 0.00453 -1.66297 0.00954 0.54638 0.00663 -0.61307 0.01070 -1.97265 0.00390 -3.13209 0.00926 -1.15945 0.00993
2460492.4399306 0.83441 0.00351 -0.48244 0.00453 -1.67632 0.01009 0.56047 0.00667 -0.63341 0.01122 -1.96855 0.00385 -3.16243 0.00981 -1.19388 0.01043
2460492.4428356 0.83385 0.00348 -0.48122 0.00442 -1.65781 0.00959 0.56864 0.00658 -0.60795 0.01075 -1.96740 0.00374 -3.14399 0.00929 -1.17659 0.00990
2460492.4442824 0.83142 0.00352 -0.47824 0.00449 -1.65042 0.00955 0.57617 0.00678 -0.59601 0.01082 -1.96219 0.00382 -3.13436 0.00926 -1.17218 0.00990
2460492.4457292 0.82852 0.00343 -0.48177 0.00440 -1.67857 0.00971 0.56559 0.00657 -0.63122 0.01086 -1.96185 0.00375 -3.15866 0.00943 -1.19680 0.01004
2460492.4486227 0.83587 0.00348 -0.48043 0.00437 -1.66720 0.00959 0.57552 0.00654 -0.61125 0.01075 -1.96940 0.00367 -3.15617 0.00929 -1.18677 0.00988
2460492.4500694 0.84180 0.00344 -0.48407 0.00447 -1.64240 0.00938 0.56523 0.00653 -0.59311 0.01052 -1.97890 0.00380 -3.13724 0.00908 -1.15833 0.00973
2460492.4515162 0.82204 0.00341 -0.50089 0.00438 -1.65879 0.00966 0.57155 0.00648 -0.58635 0.01078 -1.97628 0.00373 -3.13419 0.00938 -1.15790 0.00998
2460492.4529630 0.82486 0.00333 -0.49723 0.00432 -1.65193 0.00922 0.56959 0.00631 -0.58512 0.01031 -1.97517 0.00369 -3.12988 0.00895 -1.15471 0.00956
2460492.4544097 0.82318 0.00334 -0.49697 0.00431 -1.66168 0.00940 0.57574 0.00632 -0.58896 0.01048 -1.97365 0.00366 -3.13836 0.00912 -1.16471 0.00972
2460492.4558565 0.82726 0.00339 -0.49398 0.00428 -1.66850 0.00881 0.57429 0.00633 -0.60023 0.00997 -1.97469 0.00361 -3.14922 0.00851 -1.17452 0.00912
2460492.4573148 0.81413 0.00336 -0.51324 0.00433 -1.64806 0.00905 0.56004 0.00632 -0.57478 0.01015 -1.98005 0.00368 -3.11487 0.00875 -1.13482 0.00938
2460492.4587616 0.81450 0.00340 -0.51826 0.00442 -1.67955 0.00959 0.55912 0.00655 -0.60217 0.01075 -1.98586 0.00378 -3.14715 0.00932 -1.16129 0.00995
2460492.4602199 0.79507 0.00341 -0.52773 0.00435 -1.67910 0.00956 0.56701 0.00659 -0.58435 0.01076 -1.97571 0.00373 -3.12707 0.00929 -1.15137 0.00990
2460492.4616551 0.80278 0.00343 -0.51261 0.00446 -1.66814 0.00936 0.56607 0.00661 -0.58946 0.01056 -1.96749 0.00382 -3.12302 0.00908 -1.15553 0.00973
2460492.4631134 0.78548 0.00345 -0.53520 0.00444 -1.69993 0.00963 0.57284 0.00659 -0.59189 0.01080 -1.97394 0.00379 -3.13868 0.00935 -1.16473 0.00998
2460492.4645486 0.76982 0.00339 -0.55207 0.00444 -1.71921 0.00952 0.57659 0.00660 -0.59055 0.01070 -1.97564 0.00384 -3.14277 0.00926 -1.16714 0.00991
2460492.4660069 0.75632 0.00330 -0.57313 0.00431 -1.73686 0.00947 0.55451 0.00640 -0.60922 0.01058 -1.98179 0.00372 -3.14552 0.00922 -1.16372 0.00983
2460492.4674653 0.75115 0.00321 -0.56939 0.00423 -1.73074 0.00898 0.56696 0.00632 -0.59439 0.01013 -1.97322 0.00368 -3.13457 0.00873 -1.16135 0.00936
2460492.4696528 0.72896 0.00309 -0.59994 0.00410 -1.75299 0.00869 0.55402 0.00609 -0.59903 0.00979 -1.98115 0.00359 -3.13420 0.00846 -1.15305 0.00907
2460492.4710995 0.73660 0.00306 -0.58745 0.00393 -1.74074 0.00810 0.57721 0.00596 -0.57608 0.00926 -1.97806 0.00340 -3.13134 0.00786 -1.15329 0.00845
2460492.4740046 0.74391 0.00295 -0.57158 0.00380 -1.76618 0.00818 0.57883 0.00570 -0.61576 0.00921 -1.96883 0.00328 -3.16343 0.00795 -1.19460 0.00849
2460492.4754630 0.75448 0.00298 -0.56164 0.00379 -1.71732 0.00801 0.57595 0.00568 -0.57973 0.00906 -1.96924 0.00325 -3.12492 0.00776 -1.15568 0.00830
2460492.4769097 0.76529 0.00297 -0.55625 0.00381 -1.71753 0.00810 0.56820 0.00569 -0.59308 0.00914 -1.97444 0.00327 -3.13572 0.00787 -1.16128 0.00841
2460492.4783565 0.77346 0.00298 -0.55921 0.00383 -1.71273 0.00800 0.55385 0.00576 -0.59967 0.00908 -1.98527 0.00331 -3.13879 0.00776 -1.15352 0.00833
2460492.4798148 0.76888 0.00295 -0.55599 0.00380 -1.70612 0.00809 0.55270 0.00567 -0.59743 0.00912 -1.97660 0.00327 -3.12673 0.00786 -1.15013 0.00840
2460492.4812500 0.79493 0.00292 -0.52879 0.00378 -1.68913 0.00796 0.56297 0.00555 -0.59738 0.00894 -1.97633 0.00324 -3.13668 0.00772 -1.16034 0.00827
2460492.4827083 0.79143 0.00289 -0.53126 0.00375 -1.68981 0.00792 0.54942 0.00550 -0.60913 0.00888 -1.97388 0.00323 -3.13243 0.00768 -1.15855 0.00822
2460492.4841551 0.80448 0.00290 -0.52317 0.00377 -1.68677 0.00789 0.56079 0.00546 -0.60281 0.00883 -1.98043 0.00323 -3.14403 0.00765 -1.16360 0.00819
2460492.4856019 0.80508 0.00292 -0.52212 0.00374 -1.68025 0.00788 0.56112 0.00550 -0.59701 0.00885 -1.97997 0.00320 -3.13810 0.00764 -1.15813 0.00817
2460492.4870486 0.81249 0.00296 -0.50615 0.00380 -1.67595 0.00803 0.57154 0.00561 -0.59827 0.00903 -1.97158 0.00325 -3.14139 0.00779 -1.16980 0.00833
2460492.4884954 0.81087 0.00295 -0.51404 0.00382 -1.68713 0.00810 0.56191 0.00555 -0.61118 0.00905 -1.97753 0.00326 -3.15062 0.00786 -1.17309 0.00840
2460492.4906829 0.83284 0.00291 -0.49080 0.00373 -1.64494 0.00758 0.56708 0.00546 -0.58706 0.00857 -1.97664 0.00317 -3.13078 0.00732 -1.15414 0.00787
2460492.4921412 0.82785 0.00289 -0.50147 0.00372 -1.65395 0.00758 0.55773 0.00540 -0.59476 0.00853 -1.98196 0.00316 -3.13445 0.00732 -1.15248 0.00787
2460492.4935995 0.81870 0.00290 -0.50832 0.00369 -1.67949 0.00756 0.56219 0.00540 -0.60898 0.00853 -1.97987 0.00312 -3.15105 0.00730 -1.17117 0.00783
2460492.4950463 0.82287 0.00286 -0.50186 0.00372 -1.66845 0.00765 0.56639 0.00539 -0.60021 0.00858 -1.97776 0.00319 -3.14436 0.00740 -1.16660 0.00795
2460492.4964931 0.84055 0.00288 -0.48407 0.00368 -1.66613 0.00757 0.56745 0.00533 -0.61461 0.00850 -1.97775 0.00311 -3.15981 0.00731 -1.18206 0.00783
2460492.4979514 0.83119 0.00293 -0.48939 0.00372 -1.64913 0.00749 0.56996 0.00540 -0.58977 0.00845 -1.97356 0.00314 -3.13329 0.00721 -1.15974 0.00775
2460492.4993866 0.84421 0.00294 -0.48389 0.00373 -1.64972 0.00768 0.56464 0.00546 -0.60118 0.00865 -1.98129 0.00315 -3.14712 0.00742 -1.16582 0.00795
2460492.5008449 0.84252 0.00291 -0.48613 0.00375 -1.64664 0.00771 0.55904 0.00538 -0.60147 0.00862 -1.98135 0.00318 -3.14186 0.00745 -1.16051 0.00799
2460492.5023032 0.84417 0.00293 -0.47909 0.00375 -1.64907 0.00786 0.56937 0.00550 -0.60061 0.00883 -1.97644 0.00319 -3.14642 0.00760 -1.16998 0.00814
2460492.5037500 0.84524 0.00295 -0.47515 0.00376 -1.63709 0.00763 0.56260 0.00543 -0.59934 0.00859 -1.97264 0.00317 -3.13458 0.00737 -1.16194 0.00790
2460492.5051968 0.84860 0.00295 -0.47925 0.00382 -1.65795 0.00805 0.56401 0.00547 -0.61468 0.00895 -1.98096 0.00323 -3.15966 0.00779 -1.17870 0.00833
2460492.5066435 0.84715 0.00292 -0.48044 0.00376 -1.65200 0.00757 0.56018 0.00540 -0.61137 0.00851 -1.98030 0.00318 -3.15186 0.00731 -1.17156 0.00786
2460492.5080903 0.83031 0.00289 -0.49667 0.00372 -1.66749 0.00770 0.56275 0.00545 -0.60807 0.00867 -1.97988 0.00318 -3.15070 0.00746 -1.17082 0.00800
2460492.5095255 0.83158 0.00288 -0.50614 0.00370 -1.67234 0.00779 0.54843 0.00530 -0.61777 0.00867 -1.99027 0.00314 -3.15648 0.00754 -1.16621 0.00806
2460492.5117245 0.81773 0.00284 -0.51095 0.00370 -1.67137 0.00764 0.57027 0.00531 -0.59015 0.00854 -1.98247 0.00316 -3.14289 0.00740 -1.16042 0.00794
2460492.5131713 0.80599 0.00285 -0.51934 0.00363 -1.68826 0.00755 0.56568 0.00534 -0.60325 0.00850 -1.97835 0.00309 -3.14728 0.00730 -1.16892 0.00782
2460492.5146296 0.78932 0.00287 -0.53364 0.00369 -1.70858 0.00738 0.57682 0.00546 -0.59811 0.00840 -1.97682 0.00316 -3.15176 0.00713 -1.17494 0.00769
2460492.5160648 0.76724 0.00284 -0.55222 0.00367 -1.73006 0.00762 0.56378 0.00539 -0.61407 0.00858 -1.97173 0.00315 -3.14958 0.00738 -1.17784 0.00792
2460492.5175231 0.75312 0.00282 -0.57856 0.00363 -1.73722 0.00792 0.57067 0.00540 -0.58799 0.00887 -1.98578 0.00313 -3.14444 0.00770 -1.15867 0.00821
2460492.5189699 0.71975 0.00282 -0.60288 0.00364 -1.77223 0.00791 0.56673 0.00546 -0.60262 0.00889 -1.97549 0.00316 -3.14485 0.00770 -1.16936 0.00822
2460492.5204282 0.71382 0.00286 -0.61584 0.00375 -1.79476 0.00793 0.55597 0.00557 -0.62295 0.00894 -1.98216 0.00327 -3.16108 0.00771 -1.17893 0.00827
2460492.5218750 0.71342 0.00288 -0.62317 0.00376 -1.77103 0.00811 0.55522 0.00561 -0.59264 0.00912 -1.98968 0.00328 -3.13755 0.00790 -1.14786 0.00844
2460492.5233218 0.70944 0.00285 -0.61261 0.00378 -1.79169 0.00790 0.57368 0.00556 -0.60540 0.00889 -1.97552 0.00330 -3.15460 0.00768 -1.17908 0.00825
2460492.5247685 0.71438 0.00286 -0.61370 0.00378 -1.77811 0.00808 0.56260 0.00558 -0.60182 0.00907 -1.98107 0.00330 -3.14548 0.00787 -1.16441 0.00842
2460492.5262153 0.71912 0.00288 -0.59909 0.00369 -1.79190 0.00835 0.57248 0.00555 -0.62033 0.00932 -1.97121 0.00318 -3.16402 0.00813 -1.19281 0.00863
2460492.5276620 0.73374 0.00287 -0.59459 0.00375 -1.76547 0.00826 0.55905 0.00558 -0.61183 0.00924 -1.98101 0.00326 -3.15189 0.00805 -1.17088 0.00858
2460492.5291088 0.74550 0.00288 -0.57702 0.00372 -1.75091 0.00782 0.57538 0.00548 -0.59851 0.00880 -1.97620 0.00319 -3.15009 0.00759 -1.17389 0.00812
2460492.5305556 0.75748 0.00288 -0.56903 0.00376 -1.74475 0.00825 0.55797 0.00547 -0.61775 0.00916 -1.97890 0.00323 -3.15462 0.00802 -1.17572 0.00855
2460492.5327546 0.77329 0.00289 -0.54902 0.00378 -1.72017 0.00784 0.56640 0.00552 -0.60475 0.00881 -1.97511 0.00326 -3.14626 0.00760 -1.17115 0.00816
2460492.5342014 0.78279 0.00297 -0.54218 0.00384 -1.71073 0.00805 0.56911 0.00570 -0.59944 0.00909 -1.97829 0.00330 -3.14683 0.00781 -1.16855 0.00837
2460492.5356366 0.79701 0.00294 -0.53505 0.00384 -1.71164 0.00823 0.55120 0.00559 -0.62539 0.00918 -1.98434 0.00329 -3.16093 0.00799 -1.17660 0.00853
2460492.5370949 0.81296 0.00297 -0.51839 0.00387 -1.68175 0.00794 0.55300 0.00560 -0.61036 0.00891 -1.98373 0.00331 -3.14709 0.00768 -1.16336 0.00826
2460492.5385417 0.82572 0.00297 -0.49474 0.00381 -1.65647 0.00774 0.57854 0.00561 -0.58318 0.00877 -1.97425 0.00324 -3.13597 0.00748 -1.16172 0.00804
2460492.5399884 0.82835 0.00297 -0.49560 0.00377 -1.67715 0.00790 0.56820 0.00554 -0.61336 0.00889 -1.97708 0.00319 -3.15863 0.00764 -1.18155 0.00817
2460492.5414352 0.82352 0.00294 -0.49308 0.00374 -1.65611 0.00785 0.57407 0.00552 -0.58896 0.00884 -1.96960 0.00318 -3.13263 0.00760 -1.16303 0.00813
2460492.5428935 0.83882 0.00293 -0.48026 0.00373 -1.64510 0.00774 0.56917 0.00545 -0.59568 0.00870 -1.97183 0.00315 -3.13667 0.00748 -1.16484 0.00801
2460492.5443403 0.84452 0.00291 -0.47527 0.00369 -1.64041 0.00773 0.56891 0.00539 -0.59623 0.00867 -1.97260 0.00311 -3.13774 0.00747 -1.16514 0.00798
2460492.5457870 0.84786 0.00290 -0.48604 0.00374 -1.65959 0.00799 0.55599 0.00543 -0.61757 0.00890 -1.98681 0.00319 -3.16037 0.00774 -1.17355 0.00827
2460492.5472222 0.85762 0.00290 -0.46146 0.00372 -1.66115 0.00820 0.56643 0.00532 -0.63326 0.00904 -1.97158 0.00315 -3.17126 0.00795 -1.19969 0.00845
2460492.5486806 0.85514 0.00291 -0.46787 0.00370 -1.64202 0.00763 0.56319 0.00539 -0.61096 0.00858 -1.97558 0.00312 -3.14972 0.00737 -1.17415 0.00789
2460492.5501273 0.85535 0.00286 -0.46868 0.00366 -1.65166 0.00792 0.56684 0.00532 -0.61614 0.00881 -1.97704 0.00310 -3.16001 0.00767 -1.18298 0.00818
2460492.5515741 0.85651 0.00285 -0.46975 0.00363 -1.62997 0.00766 0.56405 0.00522 -0.59616 0.00853 -1.97922 0.00305 -3.13944 0.00740 -1.16021 0.00790
2460492.5537616 0.85921 0.00283 -0.45259 0.00358 -1.64217 0.00759 0.58623 0.00514 -0.60335 0.00844 -1.96550 0.00300 -3.15508 0.00733 -1.18958 0.00782
2460492.5552083 0.85797 0.00285 -0.46062 0.00362 -1.64712 0.00742 0.56258 0.00527 -0.62393 0.00836 -1.97066 0.00306 -3.15717 0.00717 -1.18651 0.00769
2460492.5566667 0.84894 0.00279 -0.48548 0.00358 -1.64853 0.00751 0.55586 0.00511 -0.60719 0.00835 -1.98737 0.00303 -3.15042 0.00726 -1.16305 0.00776
2460492.5581134 0.85146 0.00283 -0.47887 0.00360 -1.64021 0.00721 0.56289 0.00526 -0.59845 0.00817 -1.98357 0.00304 -3.14491 0.00695 -1.16134 0.00748
2460492.5595602 0.83663 0.00285 -0.48732 0.00360 -1.64451 0.00739 0.56802 0.00533 -0.58917 0.00838 -1.97706 0.00305 -3.13425 0.00714 -1.15719 0.00766
2460492.5610069 0.82127 0.00276 -0.49727 0.00358 -1.66589 0.00744 0.57016 0.00516 -0.59845 0.00832 -1.97135 0.00305 -3.13996 0.00720 -1.16862 0.00772
2460492.5624537 0.81261 0.00280 -0.51225 0.00364 -1.66778 0.00747 0.55987 0.00525 -0.59567 0.00837 -1.97727 0.00311 -3.13281 0.00723 -1.15554 0.00776
2460492.5639005 0.78548 0.00278 -0.53271 0.00359 -1.70550 0.00739 0.56309 0.00523 -0.60970 0.00831 -1.97028 0.00307 -3.14306 0.00715 -1.17278 0.00767
2460492.5653472 0.76665 0.00282 -0.55899 0.00356 -1.74113 0.00780 0.57161 0.00536 -0.61053 0.00876 -1.97926 0.00304 -3.16140 0.00757 -1.18214 0.00806
2460492.5667940 0.75448 0.00279 -0.57574 0.00362 -1.72131 0.00765 0.56285 0.00533 -0.58271 0.00859 -1.98345 0.00313 -3.12901 0.00743 -1.14556 0.00795
2460492.5682523 0.72585 0.00280 -0.59910 0.00367 -1.75247 0.00767 0.56515 0.00547 -0.58822 0.00868 -1.97789 0.00319 -3.13126 0.00746 -1.15337 0.00801
2460492.5696991 0.71518 0.00278 -0.61005 0.00359 -1.79005 0.00772 0.57346 0.00539 -0.60654 0.00870 -1.97899 0.00312 -3.15899 0.00751 -1.18000 0.00802
2460492.5711343 0.69184 0.00280 -0.62481 0.00364 -1.80875 0.00791 0.57575 0.00551 -0.60819 0.00892 -1.96981 0.00318 -3.15375 0.00771 -1.18394 0.00823
2460492.5725926 0.68919 0.00281 -0.63633 0.00367 -1.79424 0.00780 0.55934 0.00552 -0.59857 0.00882 -1.97795 0.00321 -3.13586 0.00759 -1.15791 0.00814
2460492.5747685 0.69726 0.00288 -0.63707 0.00375 -1.79581 0.00799 0.56290 0.00575 -0.59584 0.00910 -1.98795 0.00329 -3.14669 0.00778 -1.15874 0.00834
2460492.5762269 0.70627 0.00288 -0.61580 0.00377 -1.78826 0.00800 0.55620 0.00562 -0.61626 0.00902 -1.97386 0.00328 -3.14633 0.00778 -1.17246 0.00833
2460492.5776736 0.72328 0.00291 -0.59856 0.00380 -1.74899 0.00797 0.55777 0.00564 -0.59267 0.00900 -1.97376 0.00329 -3.12420 0.00775 -1.15043 0.00831
2460492.5791204 0.73402 0.00291 -0.58181 0.00383 -1.73675 0.00810 0.56840 0.00571 -0.58654 0.00914 -1.96820 0.00334 -3.12314 0.00788 -1.15495 0.00845
2460492.5805787 0.75803 0.00299 -0.56332 0.00384 -1.74415 0.00851 0.56993 0.00582 -0.61090 0.00956 -1.97439 0.00331 -3.15522 0.00828 -1.18083 0.00881
2460492.5820255 0.76724 0.00300 -0.55943 0.00388 -1.72041 0.00839 0.56837 0.00591 -0.59260 0.00950 -1.98008 0.00336 -3.14106 0.00816 -1.16098 0.00873
2460492.5834606 0.77927 0.00300 -0.52926 0.00383 -1.70653 0.00843 0.57598 0.00578 -0.60128 0.00947 -1.96093 0.00328 -3.13820 0.00819 -1.17727 0.00872
2460492.5849190 0.78689 0.00306 -0.52563 0.00390 -1.72049 0.00854 0.58010 0.00589 -0.61475 0.00961 -1.96570 0.00334 -3.16055 0.00829 -1.19486 0.00884
2460492.5863657 0.80350 0.00311 -0.52044 0.00397 -1.69619 0.00867 0.57486 0.00601 -0.60090 0.00978 -1.97771 0.00340 -3.15346 0.00842 -1.17576 0.00898
2460492.5878125 0.81865 0.00315 -0.49939 0.00403 -1.66981 0.00882 0.56694 0.00597 -0.60349 0.00986 -1.97048 0.00343 -3.14090 0.00856 -1.17043 0.00912
2460492.5892708 0.82043 0.00322 -0.49095 0.00407 -1.67253 0.00906 0.57880 0.00620 -0.60278 0.01020 -1.96433 0.00346 -3.14590 0.00881 -1.18158 0.00936
2460492.5907176 0.82594 0.00324 -0.49241 0.00422 -1.67222 0.00879 0.57655 0.00629 -0.60327 0.00995 -1.97175 0.00362 -3.15156 0.00852 -1.17981 0.00915
2460492.5921644 0.84511 0.00324 -0.47454 0.00417 -1.65570 0.00920 0.57931 0.00620 -0.60185 0.01028 -1.97344 0.00355 -3.15460 0.00894 -1.18116 0.00952
2460492.5936111 0.84694 0.00323 -0.47112 0.00422 -1.64834 0.00912 0.56353 0.00617 -0.61369 0.01017 -1.97018 0.00360 -3.14740 0.00885 -1.17722 0.00945
2460492.5957986 0.85538 0.00331 -0.45958 0.00419 -1.65353 0.00904 0.57202 0.00622 -0.62193 0.01014 -1.96760 0.00353 -3.16154 0.00875 -1.19395 0.00933
2460492.5972454 0.85518 0.00330 -0.46983 0.00424 -1.65304 0.00929 0.55992 0.00630 -0.62329 0.01039 -1.97745 0.00360 -3.16066 0.00902 -1.18321 0.00961
2460492.5986921 0.85766 0.00332 -0.46440 0.00425 -1.64738 0.00933 0.57111 0.00635 -0.61187 0.01045 -1.97529 0.00361 -3.15827 0.00905 -1.18298 0.00964
2460492.6001505 0.84417 0.00336 -0.47536 0.00422 -1.64887 0.00954 0.56712 0.00634 -0.60638 0.01065 -1.97213 0.00354 -3.14563 0.00926 -1.17350 0.00981
2460492.6015972 0.85361 0.00329 -0.46955 0.00419 -1.61956 0.00913 0.56747 0.00635 -0.58255 0.01030 -1.97615 0.00356 -3.12616 0.00886 -1.15002 0.00945
2460492.6030324 0.85794 0.00334 -0.45713 0.00422 -1.63762 0.00938 0.56346 0.00629 -0.61704 0.01048 -1.96689 0.00355 -3.14738 0.00910 -1.18050 0.00966
2460492.6044792 0.85563 0.00340 -0.46538 0.00428 -1.62957 0.00913 0.57180 0.00637 -0.59239 0.01028 -1.97421 0.00359 -3.13839 0.00883 -1.16419 0.00942
2460492.6059259 0.84273 0.00335 -0.47669 0.00422 -1.65648 0.00969 0.56799 0.00643 -0.61179 0.01083 -1.97210 0.00358 -3.15189 0.00943 -1.17979 0.00998
2460492.6073727 0.84541 0.00335 -0.48704 0.00435 -1.61989 0.00908 0.55667 0.00643 -0.57617 0.01024 -1.98530 0.00371 -3.11814 0.00880 -1.13285 0.00944
2460492.6088310 0.83830 0.00343 -0.49036 0.00437 -1.65354 0.00978 0.56196 0.00650 -0.60121 0.01090 -1.98165 0.00368 -3.14483 0.00949 -1.16318 0.01008
2460492.6102894 0.82963 0.00343 -0.49365 0.00446 -1.63735 0.00970 0.56669 0.00664 -0.57700 0.01088 -1.97621 0.00382 -3.11990 0.00943 -1.14370 0.01007
2460492.6117361 0.82679 0.00343 -0.49480 0.00445 -1.64895 0.00979 0.54975 0.00658 -0.60439 0.01092 -1.97271 0.00379 -3.12686 0.00951 -1.15414 0.01013
2460492.6131713 0.82791 0.00345 -0.50522 0.00442 -1.67798 0.00986 0.53805 0.00661 -0.63471 0.01102 -1.98423 0.00374 -3.15698 0.00958 -1.17275 0.01018
2460492.6146296 0.80180 0.00345 -0.52084 0.00450 -1.71306 0.01026 0.57693 0.00673 -0.61530 0.01141 -1.97648 0.00387 -3.16871 0.01000 -1.19222 0.01062
2460492.6168171 0.78993 0.00346 -0.53410 0.00446 -1.71485 0.01061 0.56030 0.00682 -0.62045 0.01180 -1.97641 0.00384 -3.15716 0.01037 -1.18075 0.01096
2460492.6182639 0.76428 0.00338 -0.56348 0.00444 -1.72068 0.01049 0.55826 0.00677 -0.59894 0.01167 -1.98030 0.00386 -3.13750 0.01026 -1.15720 0.01087
2460492.6197222 0.74929 0.00347 -0.57038 0.00451 -1.74139 0.01029 0.55733 0.00686 -0.61368 0.01151 -1.97133 0.00390 -3.14235 0.01003 -1.17101 0.01066
2460492.6211690 0.73590 0.00341 -0.59314 0.00449 -1.75129 0.01054 0.55089 0.00686 -0.60727 0.01174 -1.98099 0.00393 -3.13914 0.01031 -1.15815 0.01093
2460492.6226157 0.72558 0.00349 -0.60452 0.00458 -1.77545 0.01097 0.54394 0.00711 -0.62698 0.01224 -1.98148 0.00401 -3.15240 0.01075 -1.17092 0.01137
2460492.6240625 0.72688 0.00349 -0.61284 0.00452 -1.77476 0.01088 0.56743 0.00703 -0.59449 0.01214 -1.99428 0.00393 -3.15619 0.01065 -1.16191 0.01126
2460492.6255093 0.72426 0.00355 -0.59967 0.00468 -1.78412 0.01117 0.56513 0.00721 -0.61931 0.01245 -1.97677 0.00408 -3.16122 0.01093 -1.18444 0.01157
2460492.6269560 0.72609 0.00351 -0.58338 0.00464 -1.76951 0.01109 0.56967 0.00711 -0.61647 0.01233 -1.96135 0.00407 -3.14748 0.01086 -1.18614 0.01150
2460492.6284144 0.73454 0.00356 -0.59734 0.00474 -1.77549 0.01109 0.55702 0.00722 -0.62114 0.01235 -1.98470 0.00415 -3.16285 0.01085 -1.17816 0.01152
2460492.6298727 0.75755 0.00359 -0.57000 0.00471 -1.73331 0.01091 0.56692 0.00723 -0.59639 0.01221 -1.98091 0.00410 -3.14422 0.01066 -1.16331 0.01132
2460492.6313194 0.75833 0.00362 -0.57184 0.00492 -1.73641 0.01115 0.55033 0.00737 -0.61424 0.01243 -1.98218 0.00431 -3.14675 0.01090 -1.16457 0.01162
2460492.6327662 0.78431 0.00376 -0.55162 0.00488 -1.71627 0.01099 0.55517 0.00756 -0.60948 0.01241 -1.98896 0.00422 -3.15361 0.01071 -1.16465 0.01141
2460492.6342130 0.78107 0.00374 -0.54182 0.00495 -1.71313 0.01125 0.56215 0.00743 -0.60916 0.01255 -1.97534 0.00427 -3.14664 0.01097 -1.17131 0.01167
2460492.6356713 0.80789 0.00380 -0.51030 0.00490 -1.68144 0.01126 0.56279 0.00757 -0.60835 0.01265 -1.97025 0.00422 -3.14138 0.01098 -1.17113 0.01166
2460492.6378588 0.81296 0.00385 -0.51518 0.00512 -1.67556 0.01186 0.54996 0.00761 -0.61043 0.01313 -1.97991 0.00442 -3.14029 0.01158 -1.16039 0.01229
2460492.6393171 0.82848 0.00390 -0.49942 0.00514 -1.68626 0.01235 0.56464 0.00775 -0.62220 0.01365 -1.98107 0.00443 -3.16791 0.01208 -1.18685 0.01277
2460492.6407523 0.83692 0.00409 -0.49519 0.00527 -1.67983 0.01271 0.55056 0.00806 -0.63408 0.01410 -1.98433 0.00448 -3.16897 0.01241 -1.18464 0.01310
2460492.6421991 0.84436 0.00406 -0.48900 0.00528 -1.63756 0.01211 0.56525 0.00813 -0.58331 0.01360 -1.98711 0.00454 -3.13567 0.01181 -1.14856 0.01255
2460492.6436458 0.85274 0.00412 -0.47273 0.00526 -1.63872 0.01194 0.56190 0.00806 -0.60409 0.01341 -1.97814 0.00445 -3.14413 0.01161 -1.16599 0.01233
2460492.6451042 0.84979 0.00414 -0.47135 0.00545 -1.63101 0.01229 0.55587 0.00817 -0.60379 0.01372 -1.97281 0.00466 -3.13247 0.01196 -1.15966 0.01274
2460492.6465509 0.85429 0.00424 -0.46103 0.00547 -1.63529 0.01263 0.58576 0.00840 -0.58850 0.01415 -1.96930 0.00466 -3.14356 0.01231 -1.17426 0.01306
2460492.6479977 0.86073 0.00427 -0.46430 0.00556 -1.64551 0.01319 0.55037 0.00839 -0.63084 0.01460 -1.97655 0.00474 -3.15775 0.01286 -1.18120 0.01360
2460492.6494444 0.85923 0.00439 -0.47366 0.00562 -1.62042 0.01327 0.53586 0.00868 -0.61089 0.01482 -1.98375 0.00478 -3.13051 0.01293 -1.14676 0.01368
2460492.6509028 0.84663 0.00459 -0.47568 0.00598 -1.67020 0.01416 0.55978 0.00915 -0.63474 0.01576 -1.97447 0.00510 -3.16899 0.01381 -1.19452 0.01463
2460492.6523495 0.84759 0.00469 -0.46750 0.00595 -1.64861 0.01401 0.57712 0.00919 -0.60399 0.01566 -1.96822 0.00501 -3.14934 0.01364 -1.18111 0.01443
2460492.6537963 0.87101 0.00478 -0.45284 0.00623 -1.63521 0.01502 0.56136 0.00950 -0.62101 0.01664 -1.97631 0.00530 -3.15869 0.01466 -1.18237 0.01549
2460492.6552546 0.86061 0.00521 -0.45917 0.00665 -1.62813 0.01605 0.53227 0.01039 -0.63669 0.01792 -1.96898 0.00562 -3.13795 0.01565 -1.16897 0.01653
2460492.6567014 0.85649 0.00536 -0.48006 0.00702 -1.64208 0.01729 0.54336 0.01106 -0.61866 0.01929 -1.98851 0.00605 -3.15053 0.01691 -1.16202 0.01786
2460492.6588773 0.85764 0.00587 -0.48907 0.00790 -1.63091 0.01807 0.53777 0.01209 -0.60407 0.02026 -1.99910 0.00681 -3.14094 0.01762 -1.14184 0.01879
2460492.6603241 0.85380 0.00683 -0.49088 0.00894 -1.67814 0.02240 0.56420 0.01442 -0.62306 0.02510 -1.99940 0.00772 -3.18666 0.02194 -1.18726 0.02316
2460492.6617708 0.86536 0.00782 -0.48029 0.00993 -1.65398 0.02591 0.55727 0.01609 -0.61642 0.02884 -1.99981 0.00840 -3.17350 0.02537 -1.17369 0.02661
2460492.6632176 0.86671 0.00964 -0.46388 0.01265 -1.62760 0.03117 0.57091 0.02035 -0.59281 0.03501 -1.98461 0.01085 -3.14833 0.03048 -1.16372 0.03224
2460492.6646644 0.85408 0.01113 -0.52272 0.01534 99.99999 9.99999 0.48348 0.02335 99.99999 9.99999 -2.02683 0.01328 99.99999 9.99999 99.99999 9.99999
2460492.6661111 0.86342 0.01351 -0.52739 0.01838 99.99999 9.99999 0.48113 0.02839 99.99999 9.99999 -2.04199 0.01582 99.99999 9.99999 99.99999 9.99999
