JD V-C s1 V-K1 s2 V-K2 s3 C1-K1 s4 C1-K2 s5 C2-K1 s6 C2-K2 s7 K1-K2 s8
Aperture: 6, Filter: L, JD: geocentric


2460492.4442824 0.83142 0.00352 -0.47824 0.00449 -1.65042 0.00955 0.57617 0.00678 -0.59601 0.01082 -1.96219 0.00382 -3.13436 0.00926 -1.17218 0.00990
2460492.4457292 0.82852 0.00343 -0.48177 0.00440 -1.67857 0.00971 0.56559 0.00657 -0.63122 0.01086 -1.96185 0.00375 -3.15866 0.00943 -1.19680 0.01004
2460492.4486227 0.83587 0.00348 -0.48043 0.00437 -1.66720 0.00959 0.57552 0.00654 -0.61125 0.01075 -1.96940 0.00367 -3.15617 0.00929 -1.18677 0.00988
2460492.4500694 0.84180 0.00344 -0.48407 0.00447 -1.64240 0.00938 0.56523 0.00653 -0.59311 0.01052 -1.97890 0.00380 -3.13724 0.00908 -1.15833 0.00973
2460492.4515162 0.82204 0.00341 -0.50089 0.00438 -1.65879 0.00966 0.57155 0.00648 -0.58635 0.01078 -1.97628 0.00373 -3.13419 0.00938 -1.15790 0.00998
2460492.4529630 0.82486 0.00333 -0.49723 0.00432 -1.65193 0.00922 0.56959 0.00631 -0.58512 0.01031 -1.97517 0.00369 -3.12988 0.00895 -1.15471 0.00956
2460492.4544097 0.82318 0.00334 -0.49697 0.00431 -1.66168 0.00940 0.57574 0.00632 -0.58896 0.01048 -1.97365 0.00366 -3.13836 0.00912 -1.16471 0.00972
2460492.4558565 0.82726 0.00339 -0.49398 0.00428 -1.66850 0.00881 0.57429 0.00633 -0.60023 0.00997 -1.97469 0.00361 -3.14922 0.00851 -1.17452 0.00912
2460492.4573148 0.81413 0.00336 -0.51324 0.00433 -1.64806 0.00905 0.56004 0.00632 -0.57478 0.01015 -1.98005 0.00368 -3.11487 0.00875 -1.13482 0.00938
2460492.4587616 0.81450 0.00340 -0.51826 0.00442 -1.67955 0.00959 0.55912 0.00655 -0.60217 0.01075 -1.98586 0.00378 -3.14715 0.00932 -1.16129 0.00995
2460492.4602199 0.79507 0.00341 -0.52773 0.00435 -1.67910 0.00956 0.56701 0.00659 -0.58435 0.01076 -1.97571 0.00373 -3.12707 0.00929 -1.15137 0.00990
2460492.4616551 0.80278 0.00343 -0.51261 0.00446 -1.66814 0.00936 0.56607 0.00661 -0.58946 0.01056 -1.96749 0.00382 -3.12302 0.00908 -1.15553 0.00973
2460492.4631134 0.78548 0.00345 -0.53520 0.00444 -1.69993 0.00963 0.57284 0.00659 -0.59189 0.01080 -1.97394 0.00379 -3.13868 0.00935 -1.16473 0.00998
2460492.4645486 0.76982 0.00339 -0.55207 0.00444 -1.71921 0.00952 0.57659 0.00660 -0.59055 0.01070 -1.97564 0.00384 -3.14277 0.00926 -1.16714 0.00991
2460492.4660069 0.75632 0.00330 -0.57313 0.00431 -1.73686 0.00947 0.55451 0.00640 -0.60922 0.01058 -1.98179 0.00372 -3.14552 0.00922 -1.16372 0.00983
2460492.4674653 0.75115 0.00321 -0.56939 0.00423 -1.73074 0.00898 0.56696 0.00632 -0.59439 0.01013 -1.97322 0.00368 -3.13457 0.00873 -1.16135 0.00936
2460492.4696528 0.72896 0.00309 -0.59994 0.00410 -1.75299 0.00869 0.55402 0.00609 -0.59903 0.00979 -1.98115 0.00359 -3.13420 0.00846 -1.15305 0.00907
2460492.4710995 0.73660 0.00306 -0.58745 0.00393 -1.74074 0.00810 0.57721 0.00596 -0.57608 0.00926 -1.97806 0.00340 -3.13134 0.00786 -1.15329 0.00845
2460492.4740046 0.74391 0.00295 -0.57158 0.00380 -1.76618 0.00818 0.57883 0.00570 -0.61576 0.00921 -1.96883 0.00328 -3.16343 0.00795 -1.19460 0.00849
2460492.4754630 0.75448 0.00298 -0.56164 0.00379 -1.71732 0.00801 0.57595 0.00568 -0.57973 0.00906 -1.96924 0.00325 -3.12492 0.00776 -1.15568 0.00830
2460492.4769097 0.76529 0.00297 -0.55625 0.00381 -1.71753 0.00810 0.56820 0.00569 -0.59308 0.00914 -1.97444 0.00327 -3.13572 0.00787 -1.16128 0.00841
2460492.4783565 0.77346 0.00298 -0.55921 0.00383 -1.71273 0.00800 0.55385 0.00576 -0.59967 0.00908 -1.98527 0.00331 -3.13879 0.00776 -1.15352 0.00833
2460492.4798148 0.76888 0.00295 -0.55599 0.00380 -1.70612 0.00809 0.55270 0.00567 -0.59743 0.00912 -1.97660 0.00327 -3.12673 0.00786 -1.15013 0.00840
2460492.4812500 0.79493 0.00292 -0.52879 0.00378 -1.68913 0.00796 0.56297 0.00555 -0.59738 0.00894 -1.97633 0.00324 -3.13668 0.00772 -1.16034 0.00827
2460492.4827083 0.79143 0.00289 -0.53126 0.00375 -1.68981 0.00792 0.54942 0.00550 -0.60913 0.00888 -1.97388 0.00323 -3.13243 0.00768 -1.15855 0.00822
2460492.4841551 0.80448 0.00290 -0.52317 0.00377 -1.68677 0.00789 0.56079 0.00546 -0.60281 0.00883 -1.98043 0.00323 -3.14403 0.00765 -1.16360 0.00819
2460492.4856019 0.80508 0.00292 -0.52212 0.00374 -1.68025 0.00788 0.56112 0.00550 -0.59701 0.00885 -1.97997 0.00320 -3.13810 0.00764 -1.15813 0.00817
2460492.4870486 0.81249 0.00296 -0.50615 0.00380 -1.67595 0.00803 0.57154 0.00561 -0.59827 0.00903 -1.97158 0.00325 -3.14139 0.00779 -1.16980 0.00833
2460492.4884954 0.81087 0.00295 -0.51404 0.00382 -1.68713 0.00810 0.56191 0.00555 -0.61118 0.00905 -1.97753 0.00326 -3.15062 0.00786 -1.17309 0.00840
2460492.4906829 0.83284 0.00291 -0.49080 0.00373 -1.64494 0.00758 0.56708 0.00546 -0.58706 0.00857 -1.97664 0.00317 -3.13078 0.00732 -1.15414 0.00787
2460492.4921412 0.82785 0.00289 -0.50147 0.00372 -1.65395 0.00758 0.55773 0.00540 -0.59476 0.00853 -1.98196 0.00316 -3.13445 0.00732 -1.15248 0.00787
2460492.4935995 0.81870 0.00290 -0.50832 0.00369 -1.67949 0.00756 0.56219 0.00540 -0.60898 0.00853 -1.97987 0.00312 -3.15105 0.00730 -1.17117 0.00783
2460492.4950463 0.82287 0.00286 -0.50186 0.00372 -1.66845 0.00765 0.56639 0.00539 -0.60021 0.00858 -1.97776 0.00319 -3.14436 0.00740 -1.16660 0.00795
2460492.4964931 0.84055 0.00288 -0.48407 0.00368 -1.66613 0.00757 0.56745 0.00533 -0.61461 0.00850 -1.97775 0.00311 -3.15981 0.00731 -1.18206 0.00783
2460492.4979514 0.83119 0.00293 -0.48939 0.00372 -1.64913 0.00749 0.56996 0.00540 -0.58977 0.00845 -1.97356 0.00314 -3.13329 0.00721 -1.15974 0.00775
2460492.4993866 0.84421 0.00294 -0.48389 0.00373 -1.64972 0.00768 0.56464 0.00546 -0.60118 0.00865 -1.98129 0.00315 -3.14712 0.00742 -1.16582 0.00795
2460492.5008449 0.84252 0.00291 -0.48613 0.00375 -1.64664 0.00771 0.55904 0.00538 -0.60147 0.00862 -1.98135 0.00318 -3.14186 0.00745 -1.16051 0.00799
2460492.5023032 0.84417 0.00293 -0.47909 0.00375 -1.64907 0.00786 0.56937 0.00550 -0.60061 0.00883 -1.97644 0.00319 -3.14642 0.00760 -1.16998 0.00814
2460492.5037500 0.84524 0.00295 -0.47515 0.00376 -1.63709 0.00763 0.56260 0.00543 -0.59934 0.00859 -1.97264 0.00317 -3.13458 0.00737 -1.16194 0.00790
2460492.5051968 0.84860 0.00295 -0.47925 0.00382 -1.65795 0.00805 0.56401 0.00547 -0.61468 0.00895 -1.98096 0.00323 -3.15966 0.00779 -1.17870 0.00833
2460492.5066435 0.84715 0.00292 -0.48044 0.00376 -1.65200 0.00757 0.56018 0.00540 -0.61137 0.00851 -1.98030 0.00318 -3.15186 0.00731 -1.17156 0.00786
2460492.5080903 0.83031 0.00289 -0.49667 0.00372 -1.66749 0.00770 0.56275 0.00545 -0.60807 0.00867 -1.97988 0.00318 -3.15070 0.00746 -1.17082 0.00800
2460492.5095255 0.83158 0.00288 -0.50614 0.00370 -1.67234 0.00779 0.54843 0.00530 -0.61777 0.00867 -1.99027 0.00314 -3.15648 0.00754 -1.16621 0.00806
2460492.5117245 0.81773 0.00284 -0.51095 0.00370 -1.67137 0.00764 0.57027 0.00531 -0.59015 0.00854 -1.98247 0.00316 -3.14289 0.00740 -1.16042 0.00794
2460492.5131713 0.80599 0.00285 -0.51934 0.00363 -1.68826 0.00755 0.56568 0.00534 -0.60325 0.00850 -1.97835 0.00309 -3.14728 0.00730 -1.16892 0.00782
2460492.5146296 0.78932 0.00287 -0.53364 0.00369 -1.70858 0.00738 0.57682 0.00546 -0.59811 0.00840 -1.97682 0.00316 -3.15176 0.00713 -1.17494 0.00769
2460492.5160648 0.76724 0.00284 -0.55222 0.00367 -1.73006 0.00762 0.56378 0.00539 -0.61407 0.00858 -1.97173 0.00315 -3.14958 0.00738 -1.17784 0.00792
2460492.5175231 0.75312 0.00282 -0.57856 0.00363 -1.73722 0.00792 0.57067 0.00540 -0.58799 0.00887 -1.98578 0.00313 -3.14444 0.00770 -1.15867 0.00821
2460492.5189699 0.71975 0.00282 -0.60288 0.00364 -1.77223 0.00791 0.56673 0.00546 -0.60262 0.00889 -1.97549 0.00316 -3.14485 0.00770 -1.16936 0.00822
2460492.5204282 0.71382 0.00286 -0.61584 0.00375 -1.79476 0.00793 0.55597 0.00557 -0.62295 0.00894 -1.98216 0.00327 -3.16108 0.00771 -1.17893 0.00827
2460492.5218750 0.71342 0.00288 -0.62317 0.00376 -1.77103 0.00811 0.55522 0.00561 -0.59264 0.00912 -1.98968 0.00328 -3.13755 0.00790 -1.14786 0.00844
2460492.5233218 0.70944 0.00285 -0.61261 0.00378 -1.79169 0.00790 0.57368 0.00556 -0.60540 0.00889 -1.97552 0.00330 -3.15460 0.00768 -1.17908 0.00825
2460492.5247685 0.71438 0.00286 -0.61370 0.00378 -1.77811 0.00808 0.56260 0.00558 -0.60182 0.00907 -1.98107 0.00330 -3.14548 0.00787 -1.16441 0.00842
2460492.5262153 0.71912 0.00288 -0.59909 0.00369 -1.79190 0.00835 0.57248 0.00555 -0.62033 0.00932 -1.97121 0.00318 -3.16402 0.00813 -1.19281 0.00863
2460492.5276620 0.73374 0.00287 -0.59459 0.00375 -1.76547 0.00826 0.55905 0.00558 -0.61183 0.00924 -1.98101 0.00326 -3.15189 0.00805 -1.17088 0.00858
2460492.5291088 0.74550 0.00288 -0.57702 0.00372 -1.75091 0.00782 0.57538 0.00548 -0.59851 0.00880 -1.97620 0.00319 -3.15009 0.00759 -1.17389 0.00812
2460492.5305556 0.75748 0.00288 -0.56903 0.00376 -1.74475 0.00825 0.55797 0.00547 -0.61775 0.00916 -1.97890 0.00323 -3.15462 0.00802 -1.17572 0.00855
2460492.5327546 0.77329 0.00289 -0.54902 0.00378 -1.72017 0.00784 0.56640 0.00552 -0.60475 0.00881 -1.97511 0.00326 -3.14626 0.00760 -1.17115 0.00816
2460492.5342014 0.78279 0.00297 -0.54218 0.00384 -1.71073 0.00805 0.56911 0.00570 -0.59944 0.00909 -1.97829 0.00330 -3.14683 0.00781 -1.16855 0.00837
2460492.5356366 0.79701 0.00294 -0.53505 0.00384 -1.71164 0.00823 0.55120 0.00559 -0.62539 0.00918 -1.98434 0.00329 -3.16093 0.00799 -1.17660 0.00853
2460492.5370949 0.81296 0.00297 -0.51839 0.00387 -1.68175 0.00794 0.55300 0.00560 -0.61036 0.00891 -1.98373 0.00331 -3.14709 0.00768 -1.16336 0.00826
2460492.5385417 0.82572 0.00297 -0.49474 0.00381 -1.65647 0.00774 0.57854 0.00561 -0.58318 0.00877 -1.97425 0.00324 -3.13597 0.00748 -1.16172 0.00804
2460492.5399884 0.82835 0.00297 -0.49560 0.00377 -1.67715 0.00790 0.56820 0.00554 -0.61336 0.00889 -1.97708 0.00319 -3.15863 0.00764 -1.18155 0.00817
2460492.5414352 0.82352 0.00294 -0.49308 0.00374 -1.65611 0.00785 0.57407 0.00552 -0.58896 0.00884 -1.96960 0.00318 -3.13263 0.00760 -1.16303 0.00813
2460492.5428935 0.83882 0.00293 -0.48026 0.00373 -1.64510 0.00774 0.56917 0.00545 -0.59568 0.00870 -1.97183 0.00315 -3.13667 0.00748 -1.16484 0.00801
2460492.5443403 0.84452 0.00291 -0.47527 0.00369 -1.64041 0.00773 0.56891 0.00539 -0.59623 0.00867 -1.97260 0.00311 -3.13774 0.00747 -1.16514 0.00798
2460492.5457870 0.84786 0.00290 -0.48604 0.00374 -1.65959 0.00799 0.55599 0.00543 -0.61757 0.00890 -1.98681 0.00319 -3.16037 0.00774 -1.17355 0.00827
2460492.5472222 0.85762 0.00290 -0.46146 0.00372 -1.66115 0.00820 0.56643 0.00532 -0.63326 0.00904 -1.97158 0.00315 -3.17126 0.00795 -1.19969 0.00845
2460492.5486806 0.85514 0.00291 -0.46787 0.00370 -1.64202 0.00763 0.56319 0.00539 -0.61096 0.00858 -1.97558 0.00312 -3.14972 0.00737 -1.17415 0.00789
2460492.5501273 0.85535 0.00286 -0.46868 0.00366 -1.65166 0.00792 0.56684 0.00532 -0.61614 0.00881 -1.97704 0.00310 -3.16001 0.00767 -1.18298 0.00818
2460492.5515741 0.85651 0.00285 -0.46975 0.00363 -1.62997 0.00766 0.56405 0.00522 -0.59616 0.00853 -1.97922 0.00305 -3.13944 0.00740 -1.16021 0.00790
2460492.5537616 0.85921 0.00283 -0.45259 0.00358 -1.64217 0.00759 0.58623 0.00514 -0.60335 0.00844 -1.96550 0.00300 -3.15508 0.00733 -1.18958 0.00782
2460492.5552083 0.85797 0.00285 -0.46062 0.00362 -1.64712 0.00742 0.56258 0.00527 -0.62393 0.00836 -1.97066 0.00306 -3.15717 0.00717 -1.18651 0.00769
2460492.5566667 0.84894 0.00279 -0.48548 0.00358 -1.64853 0.00751 0.55586 0.00511 -0.60719 0.00835 -1.98737 0.00303 -3.15042 0.00726 -1.16305 0.00776
2460492.5581134 0.85146 0.00283 -0.47887 0.00360 -1.64021 0.00721 0.56289 0.00526 -0.59845 0.00817 -1.98357 0.00304 -3.14491 0.00695 -1.16134 0.00748
2460492.5595602 0.83663 0.00285 -0.48732 0.00360 -1.64451 0.00739 0.56802 0.00533 -0.58917 0.00838 -1.97706 0.00305 -3.13425 0.00714 -1.15719 0.00766
2460492.5610069 0.82127 0.00276 -0.49727 0.00358 -1.66589 0.00744 0.57016 0.00516 -0.59845 0.00832 -1.97135 0.00305 -3.13996 0.00720 -1.16862 0.00772
2460492.5624537 0.81261 0.00280 -0.51225 0.00364 -1.66778 0.00747 0.55987 0.00525 -0.59567 0.00837 -1.97727 0.00311 -3.13281 0.00723 -1.15554 0.00776
2460492.5639005 0.78548 0.00278 -0.53271 0.00359 -1.70550 0.00739 0.56309 0.00523 -0.60970 0.00831 -1.97028 0.00307 -3.14306 0.00715 -1.17278 0.00767
2460492.5653472 0.76665 0.00282 -0.55899 0.00356 -1.74113 0.00780 0.57161 0.00536 -0.61053 0.00876 -1.97926 0.00304 -3.16140 0.00757 -1.18214 0.00806
2460492.5667940 0.75448 0.00279 -0.57574 0.00362 -1.72131 0.00765 0.56285 0.00533 -0.58271 0.00859 -1.98345 0.00313 -3.12901 0.00743 -1.14556 0.00795
2460492.5682523 0.72585 0.00280 -0.59910 0.00367 -1.75247 0.00767 0.56515 0.00547 -0.58822 0.00868 -1.97789 0.00319 -3.13126 0.00746 -1.15337 0.00801
2460492.5696991 0.71518 0.00278 -0.61005 0.00359 -1.79005 0.00772 0.57346 0.00539 -0.60654 0.00870 -1.97899 0.00312 -3.15899 0.00751 -1.18000 0.00802
2460492.5711343 0.69184 0.00280 -0.62481 0.00364 -1.80875 0.00791 0.57575 0.00551 -0.60819 0.00892 -1.96981 0.00318 -3.15375 0.00771 -1.18394 0.00823
2460492.5725926 0.68919 0.00281 -0.63633 0.00367 -1.79424 0.00780 0.55934 0.00552 -0.59857 0.00882 -1.97795 0.00321 -3.13586 0.00759 -1.15791 0.00814
2460492.5747685 0.69726 0.00288 -0.63707 0.00375 -1.79581 0.00799 0.56290 0.00575 -0.59584 0.00910 -1.98795 0.00329 -3.14669 0.00778 -1.15874 0.00834
2460492.5762269 0.70627 0.00288 -0.61580 0.00377 -1.78826 0.00800 0.55620 0.00562 -0.61626 0.00902 -1.97386 0.00328 -3.14633 0.00778 -1.17246 0.00833
2460492.5776736 0.72328 0.00291 -0.59856 0.00380 -1.74899 0.00797 0.55777 0.00564 -0.59267 0.00900 -1.97376 0.00329 -3.12420 0.00775 -1.15043 0.00831
2460492.5791204 0.73402 0.00291 -0.58181 0.00383 -1.73675 0.00810 0.56840 0.00571 -0.58654 0.00914 -1.96820 0.00334 -3.12314 0.00788 -1.15495 0.00845
2460492.5805787 0.75803 0.00299 -0.56332 0.00384 -1.74415 0.00851 0.56993 0.00582 -0.61090 0.00956 -1.97439 0.00331 -3.15522 0.00828 -1.18083 0.00881
2460492.5820255 0.76724 0.00300 -0.55943 0.00388 -1.72041 0.00839 0.56837 0.00591 -0.59260 0.00950 -1.98008 0.00336 -3.14106 0.00816 -1.16098 0.00873
2460492.5834606 0.77927 0.00300 -0.52926 0.00383 -1.70653 0.00843 0.57598 0.00578 -0.60128 0.00947 -1.96093 0.00328 -3.13820 0.00819 -1.17727 0.00872
2460492.5849190 0.78689 0.00306 -0.52563 0.00390 -1.72049 0.00854 0.58010 0.00589 -0.61475 0.00961 -1.96570 0.00334 -3.16055 0.00829 -1.19486 0.00884
2460492.5863657 0.80350 0.00311 -0.52044 0.00397 -1.69619 0.00867 0.57486 0.00601 -0.60090 0.00978 -1.97771 0.00340 -3.15346 0.00842 -1.17576 0.00898
2460492.5878125 0.81865 0.00315 -0.49939 0.00403 -1.66981 0.00882 0.56694 0.00597 -0.60349 0.00986 -1.97048 0.00343 -3.14090 0.00856 -1.17043 0.00912
2460492.5892708 0.82043 0.00322 -0.49095 0.00407 -1.67253 0.00906 0.57880 0.00620 -0.60278 0.01020 -1.96433 0.00346 -3.14590 0.00881 -1.18158 0.00936
2460492.5907176 0.82594 0.00324 -0.49241 0.00422 -1.67222 0.00879 0.57655 0.00629 -0.60327 0.00995 -1.97175 0.00362 -3.15156 0.00852 -1.17981 0.00915
2460492.5921644 0.84511 0.00324 -0.47454 0.00417 -1.65570 0.00920 0.57931 0.00620 -0.60185 0.01028 -1.97344 0.00355 -3.15460 0.00894 -1.18116 0.00952
2460492.5936111 0.84694 0.00323 -0.47112 0.00422 -1.64834 0.00912 0.56353 0.00617 -0.61369 0.01017 -1.97018 0.00360 -3.14740 0.00885 -1.17722 0.00945
2460492.5957986 0.85538 0.00331 -0.45958 0.00419 -1.65353 0.00904 0.57202 0.00622 -0.62193 0.01014 -1.96760 0.00353 -3.16154 0.00875 -1.19395 0.00933
2460492.5972454 0.85518 0.00330 -0.46983 0.00424 -1.65304 0.00929 0.55992 0.00630 -0.62329 0.01039 -1.97745 0.00360 -3.16066 0.00902 -1.18321 0.00961
2460492.5986921 0.85766 0.00332 -0.46440 0.00425 -1.64738 0.00933 0.57111 0.00635 -0.61187 0.01045 -1.97529 0.00361 -3.15827 0.00905 -1.18298 0.00964
2460492.6001505 0.84417 0.00336 -0.47536 0.00422 -1.64887 0.00954 0.56712 0.00634 -0.60638 0.01065 -1.97213 0.00354 -3.14563 0.00926 -1.17350 0.00981
2460492.6015972 0.85361 0.00329 -0.46955 0.00419 -1.61956 0.00913 0.56747 0.00635 -0.58255 0.01030 -1.97615 0.00356 -3.12616 0.00886 -1.15002 0.00945
2460492.6030324 0.85794 0.00334 -0.45713 0.00422 -1.63762 0.00938 0.56346 0.00629 -0.61704 0.01048 -1.96689 0.00355 -3.14738 0.00910 -1.18050 0.00966
2460492.6044792 0.85563 0.00340 -0.46538 0.00428 -1.62957 0.00913 0.57180 0.00637 -0.59239 0.01028 -1.97421 0.00359 -3.13839 0.00883 -1.16419 0.00942
2460492.6059259 0.84273 0.00335 -0.47669 0.00422 -1.65648 0.00969 0.56799 0.00643 -0.61179 0.01083 -1.97210 0.00358 -3.15189 0.00943 -1.17979 0.00998
2460492.6073727 0.84541 0.00335 -0.48704 0.00435 -1.61989 0.00908 0.55667 0.00643 -0.57617 0.01024 -1.98530 0.00371 -3.11814 0.00880 -1.13285 0.00944
2460492.6088310 0.83830 0.00343 -0.49036 0.00437 -1.65354 0.00978 0.56196 0.00650 -0.60121 0.01090 -1.98165 0.00368 -3.14483 0.00949 -1.16318 0.01008
2460492.6102894 0.82963 0.00343 -0.49365 0.00446 -1.63735 0.00970 0.56669 0.00664 -0.57700 0.01088 -1.97621 0.00382 -3.11990 0.00943 -1.14370 0.01007
