JD V-C s1 V-K1 s2 V-K2 s3 V-K3 s4 C1-K1 s5 C1-K2 s6 C1-K3 s7 C2-K1 s8 C2-K2 s9 C2-K3 s10 K1-K2 s11 K1-K3 s12 K2-K3 s13
Aperture: 5, Filter: L, JD: geocentric
2460492.4160069 -1.59019 0.00597 -0.59413 0.00377 -1.76657 0.00792 -0.78738 0.00416 0.56006 0.00549 -0.61238 0.00887 0.36680 0.00577 1.73608 0.01163 0.56364 0.01355 1.54283 0.01176 -1.17244 0.00823 -0.19326 0.00472 0.97918 0.00841
2460492.4015394 -1.49760 0.00592 99.99999 9.99999 99.99999 9.99999 -0.68834 0.00406 99.99999 9.99999 99.99999 9.99999 0.36856 0.00550 99.99999 9.99999 99.99999 9.99999 1.56325 0.01165 99.99999 9.99999 99.99999 9.99999 99.99999 9.99999
2460492.4131134 -1.59010 0.00594 99.99999 9.99999 -1.75802 0.00772 -0.78598 0.00413 99.99999 9.99999 -0.60350 0.00871 0.36853 0.00576 99.99999 9.99999 0.57084 0.01338 1.54288 0.01168 99.99999 9.99999 99.99999 9.99999 0.97204 0.00822
2460492.4710995 -1.59904 0.00552 -0.58371 0.00353 -1.74282 0.00676 -0.77916 0.00382 0.58008 0.00514 -0.57903 0.00772 0.38463 0.00535 1.75310 0.01065 0.59399 0.01211 1.55765 0.01075 -1.15911 0.00706 -0.19545 0.00433 0.96366 0.00721
2460492.4725463 -1.58805 0.00527 -0.59277 0.00345 -1.75723 0.00668 -0.78972 0.00379 0.55122 0.00493 -0.61324 0.00755 0.35426 0.00518 1.75944 0.01015 0.59498 0.01165 1.56248 0.01028 -1.16446 0.00697 -0.19696 0.00429 0.96751 0.00715
2460492.3819213 -1.50322 0.00735 -0.49654 0.00418 -1.67593 0.00880 -0.70795 0.00461 0.56267 0.00635 -0.61671 0.01001 0.35126 0.00663 1.77070 0.01476 0.59131 0.01667 1.55929 0.01489 -1.17939 0.00915 -0.21141 0.00524 0.96798 0.00935
2460492.4740046 -1.59241 0.00538 -0.57058 0.00342 -1.76410 0.00677 -0.77459 0.00372 0.57677 0.00493 -0.61674 0.00765 0.37276 0.00514 1.78899 0.01045 0.59548 0.01198 1.58498 0.01055 -1.19351 0.00705 -0.20401 0.00420 0.98951 0.00720
2460492.4754630 -1.58051 0.00544 -0.56345 0.00343 -1.71641 0.00666 -0.75721 0.00372 0.57615 0.00495 -0.57682 0.00755 0.38238 0.00515 1.77170 0.01058 0.61873 0.01202 1.57793 0.01068 -1.15297 0.00693 -0.19376 0.00419 0.95920 0.00708
2460492.4856019 -1.52461 0.00522 -0.52153 0.00340 -1.68022 0.00659 -0.71093 0.00365 0.56168 0.00481 -0.59701 0.00742 0.37229 0.00500 1.75916 0.01004 0.60046 0.01152 1.56976 0.01013 -1.15869 0.00685 -0.18940 0.00410 0.96930 0.00698
2460492.4558565 -1.50327 0.00596 -0.49455 0.00381 -1.66152 0.00727 -0.69843 0.00414 0.57264 0.00544 -0.59433 0.00824 0.36876 0.00568 1.74896 0.01147 0.58199 0.01303 1.54507 0.01158 -1.16697 0.00754 -0.20389 0.00461 0.96308 0.00771
2460492.4841551 -1.52734 0.00517 -0.52330 0.00341 -1.68682 0.00659 -0.71532 0.00364 0.56266 0.00479 -0.60085 0.00740 0.37064 0.00496 1.76007 0.00995 0.59655 0.01143 1.56805 0.01003 -1.16352 0.00686 -0.19202 0.00410 0.97149 0.00697
2460492.3833681 -1.49606 0.00683 -0.49235 0.00410 -1.67038 0.00890 -0.69072 0.00447 0.56529 0.00600 -0.61274 0.00992 0.36692 0.00626 1.75089 0.01355 0.57286 0.01568 1.55252 0.01366 -1.17803 0.00920 -0.19837 0.00505 0.97966 0.00937
2460492.4196412 -1.59341 0.00589 -0.59004 0.00375 -1.75876 0.00744 -0.77882 0.00399 0.56317 0.00545 -0.60555 0.00842 0.37439 0.00562 1.75584 0.01149 0.58713 0.01316 1.56707 0.01157 -1.16872 0.00777 -0.18878 0.00457 0.97994 0.00789
2460492.4225347 -1.59345 0.00605 -0.58948 0.00378 -1.76449 0.00742 -0.78643 0.00411 0.55629 0.00542 -0.61872 0.00837 0.35934 0.00565 1.77921 0.01203 0.60420 0.01361 1.58226 0.01213 -1.17501 0.00777 -0.19696 0.00471 0.97805 0.00793
2460492.4529630 -1.50664 0.00603 -0.49703 0.00384 -1.65951 0.00761 -0.69363 0.00418 0.56956 0.00542 -0.59292 0.00852 0.37296 0.00567 1.76164 0.01178 0.59917 0.01349 1.56504 0.01190 -1.16247 0.00790 -0.19660 0.00469 0.96588 0.00808
2460492.6182639 -1.56673 0.00655 -0.56404 0.00391 -1.72081 0.00853 -0.74570 0.00416 0.55687 0.00575 -0.59990 0.00952 0.37521 0.00593 1.77221 0.01311 0.61544 0.01515 1.59055 0.01319 -1.15677 0.00886 -0.18166 0.00479 0.97511 0.00898
2460492.3906250 -1.49104 0.00622 -0.47435 0.00384 -1.65830 0.00783 -0.67267 0.00416 0.57714 0.00557 -0.60682 0.00880 0.37882 0.00579 1.76726 0.01217 0.58331 0.01395 1.56895 0.01227 -1.18395 0.00811 -0.19832 0.00467 0.98564 0.00827
2460492.4210880 -1.59481 0.00590 -0.59165 0.00375 -1.75155 0.00761 -0.78102 0.00408 0.55715 0.00546 -0.60276 0.00858 0.36778 0.00569 1.77327 0.01145 0.61336 0.01323 1.58390 0.01156 -1.15991 0.00793 -0.18937 0.00464 0.97054 0.00809
2460492.4254282 -1.55640 0.00614 -0.56151 0.00385 -1.74491 0.00785 -0.75971 0.00411 0.55436 0.00557 -0.62904 0.00882 0.35616 0.00575 1.74835 0.01206 0.56495 0.01387 1.55016 0.01214 -1.18340 0.00818 -0.19820 0.00470 0.98520 0.00830
2460492.4812500 -1.53730 0.00527 -0.52811 0.00342 -1.69126 0.00665 -0.73090 0.00369 0.56753 0.00485 -0.59561 0.00749 0.36475 0.00505 1.76605 0.01018 0.60291 0.01167 1.56327 0.01028 -1.16314 0.00692 -0.20278 0.00416 0.96036 0.00706
2460492.6567014 -1.46040 0.01022 -0.47226 0.00577 -1.63091 0.01350 -0.66097 0.00629 0.55399 0.00891 -0.60466 0.01511 0.36529 0.00926 1.72266 0.02049 0.56401 0.02385 1.53396 0.02064 -1.15865 0.01396 -0.18870 0.00723 0.96995 0.01419
2460492.4239815 -1.58300 0.00620 -0.56034 0.00380 -1.74028 0.00773 -0.76097 0.00412 0.57657 0.00561 -0.60337 0.00876 0.37594 0.00584 1.79304 0.01214 0.61310 0.01388 1.59241 0.01225 -1.17994 0.00804 -0.20063 0.00468 0.97932 0.00820
2460492.4268866 -1.55525 0.00637 -0.53565 0.00395 -1.71819 0.00795 -0.73367 0.00427 0.57694 0.00577 -0.60560 0.00899 0.37892 0.00599 1.77951 0.01251 0.59697 0.01429 1.58149 0.01261 -1.18254 0.00828 -0.19802 0.00486 0.98452 0.00844
2460492.4696528 -1.59244 0.00563 -0.59506 0.00365 -1.75484 0.00718 -0.78668 0.00393 0.55670 0.00525 -0.60307 0.00811 0.36508 0.00545 1.75128 0.01097 0.59150 0.01260 1.55966 0.01107 -1.15977 0.00752 -0.19162 0.00451 0.96815 0.00766
2460492.4827083 -1.52532 0.00513 -0.53117 0.00340 -1.68934 0.00660 -0.71674 0.00364 0.54759 0.00480 -0.61058 0.00742 0.36201 0.00497 1.76595 0.00984 0.60779 0.01135 1.58038 0.00993 -1.15817 0.00687 -0.18557 0.00411 0.97259 0.00699
2460492.4906829 -1.50073 0.00511 -0.48924 0.00337 -1.64118 0.00634 -0.68641 0.00360 0.56946 0.00476 -0.58248 0.00718 0.37229 0.00493 1.76948 0.00975 0.61755 0.01113 1.57232 0.00983 -1.15194 0.00659 -0.19717 0.00403 0.95477 0.00672
2460492.4993866 -1.48851 0.00520 -0.48170 0.00338 -1.64754 0.00643 -0.66988 0.00368 0.56547 0.00476 -0.60037 0.00726 0.37730 0.00499 1.76273 0.00999 0.59688 0.01139 1.57455 0.01010 -1.16584 0.00667 -0.18817 0.00409 0.97767 0.00683
2460492.5080903 -1.49726 0.00512 -0.49588 0.00338 -1.66261 0.00645 -0.68459 0.00361 0.56278 0.00477 -0.60395 0.00727 0.37408 0.00494 1.74907 0.00979 0.58235 0.01122 1.56037 0.00987 -1.16672 0.00671 -0.18870 0.00405 0.97802 0.00682
2460492.5907176 -1.50554 0.00583 -0.48925 0.00374 -1.66763 0.00728 -0.69147 0.00400 0.57964 0.00539 -0.59874 0.00825 0.37743 0.00558 1.75818 0.01129 0.57980 0.01290 1.55597 0.01138 -1.17838 0.00758 -0.20221 0.00454 0.97617 0.00772
2460492.5986921 -1.47480 0.00591 -0.46783 0.00377 -1.63612 0.00761 -0.65361 0.00403 0.56693 0.00543 -0.60136 0.00855 0.38115 0.00561 1.75898 0.01140 0.59070 0.01317 1.57321 0.01149 -1.16829 0.00789 -0.18578 0.00454 0.98251 0.00802
2460492.6146296 -1.54040 0.00632 -0.51873 0.00393 -1.70795 0.00830 -0.72258 0.00421 0.57761 0.00570 -0.61161 0.00927 0.37375 0.00590 1.78584 0.01241 0.59662 0.01441 1.58199 0.01250 -1.18922 0.00861 -0.20386 0.00480 0.98537 0.00874
2460492.6313194 -1.56474 0.00702 -0.57200 0.00429 -1.73407 0.00912 -0.76021 0.00448 0.55113 0.00626 -0.61094 0.01019 0.36292 0.00639 1.74946 0.01406 0.58739 0.01620 1.56125 0.01412 -1.16207 0.00951 -0.18821 0.00524 0.97386 0.00960
2460492.6327662 -1.54863 0.00705 -0.54996 0.00424 -1.70892 0.00891 -0.73349 0.00453 0.55951 0.00636 -0.59945 0.01009 0.37598 0.00655 1.74805 0.01390 0.58908 0.01596 1.56452 0.01399 -1.15896 0.00927 -0.18353 0.00520 0.97543 0.00940
2460492.3775810 -1.54211 0.00849 -0.53919 0.00470 -1.73035 0.01097 -0.74313 0.00513 0.55063 0.00716 -0.64052 0.01223 0.34670 0.00745 1.79248 0.01733 0.60133 0.01997 1.58855 0.01745 -1.19116 0.01137 -0.20394 0.00592 0.98722 0.01155
2460492.3862731 -1.48943 0.00628 -0.48240 0.00387 -1.66154 0.00809 -0.67491 0.00425 0.56381 0.00565 -0.61533 0.00908 0.37130 0.00592 1.76866 0.01223 0.58952 0.01414 1.57615 0.01235 -1.17914 0.00836 -0.19251 0.00475 0.98663 0.00855
2460492.4000810 -1.49471 0.00579 -0.48410 0.00369 -1.66504 0.00755 -0.67793 0.00400 0.57333 0.00524 -0.60761 0.00841 0.37950 0.00547 1.75443 0.01127 0.57349 0.01305 1.56060 0.01138 -1.18094 0.00781 -0.19383 0.00449 0.98711 0.00797
2460492.4312384 -1.52901 0.00640 -0.50127 0.00394 -1.67569 0.00784 -0.71394 0.00433 0.58291 0.00582 -0.59152 0.00893 0.37024 0.00609 1.79425 0.01245 0.61982 0.01418 1.58158 0.01258 -1.17443 0.00815 -0.21267 0.00487 0.96176 0.00834
2460492.4326852 -1.52023 0.00632 -0.50079 0.00399 -1.67774 0.00809 -0.70252 0.00435 0.58298 0.00571 -0.59397 0.00906 0.38125 0.00596 1.76077 0.01231 0.58382 0.01418 1.55904 0.01243 -1.17695 0.00839 -0.20173 0.00488 0.97522 0.00856
2460492.4399306 -1.48506 0.00629 -0.48420 0.00401 -1.68042 0.00826 -0.67449 0.00430 0.55958 0.00570 -0.63664 0.00921 0.36930 0.00591 1.75658 0.01224 0.56036 0.01421 1.56629 0.01234 -1.19622 0.00855 -0.19029 0.00484 1.00594 0.00870
2460492.4573148 -1.51643 0.00605 -0.51657 0.00385 -1.66326 0.00754 -0.71441 0.00417 0.55944 0.00545 -0.58725 0.00847 0.36160 0.00568 1.75299 0.01180 0.60630 0.01346 1.55515 0.01191 -1.14669 0.00783 -0.19784 0.00468 0.94885 0.00799
2460492.4870486 -1.52188 0.00530 -0.50405 0.00345 -1.66968 0.00670 -0.69681 0.00373 0.57459 0.00492 -0.59105 0.00756 0.38183 0.00512 1.77951 0.01018 0.61387 0.01169 1.58675 0.01028 -1.16563 0.00697 -0.19276 0.00419 0.97288 0.00711
2460492.4935995 -1.50970 0.00502 -0.50822 0.00335 -1.68009 0.00635 -0.70290 0.00365 0.55878 0.00472 -0.61309 0.00717 0.36410 0.00494 1.76152 0.00952 0.58965 0.01095 1.56684 0.00963 -1.17187 0.00660 -0.19468 0.00406 0.97719 0.00675
2460492.5095255 -1.49850 0.00503 -0.50496 0.00336 -1.67094 0.00651 -0.68179 0.00365 0.55120 0.00467 -0.61478 0.00727 0.37437 0.00488 1.75249 0.00960 0.58651 0.01110 1.57566 0.00971 -1.16598 0.00675 -0.17683 0.00407 0.98915 0.00690
2460492.5399884 -1.50606 0.00520 -0.49613 0.00340 -1.67383 0.00655 -0.69969 0.00367 0.56780 0.00481 -0.60990 0.00739 0.36424 0.00501 1.76823 0.00996 0.59053 0.01143 1.56467 0.01005 -1.17770 0.00680 -0.20357 0.00409 0.97414 0.00694
2460492.5863657 -1.53024 0.00551 -0.51713 0.00354 -1.68901 0.00711 -0.72382 0.00385 0.57856 0.00516 -0.59332 0.00804 0.37186 0.00538 1.74883 0.01057 0.57695 0.01223 1.54214 0.01068 -1.17188 0.00738 -0.20669 0.00434 0.96518 0.00754
2460492.5921644 -1.48992 0.00590 -0.47306 0.00371 -1.65594 0.00760 -0.67519 0.00404 0.57633 0.00532 -0.60655 0.00850 0.37420 0.00555 1.77035 0.01150 0.58747 0.01328 1.56822 0.01161 -1.18289 0.00787 -0.20213 0.00453 0.98075 0.00803
2460492.5936111 -1.48130 0.00594 -0.47265 0.00375 -1.64220 0.00748 -0.67592 0.00401 0.56576 0.00531 -0.60379 0.00838 0.36249 0.00551 1.76922 0.01165 0.59967 0.01333 1.56595 0.01174 -1.16955 0.00777 -0.20327 0.00453 0.96628 0.00791
2460492.5957986 -1.46980 0.00594 -0.46165 0.00371 -1.64684 0.00739 -0.66623 0.00407 0.56893 0.00531 -0.61626 0.00831 0.36434 0.00557 1.75773 0.01156 0.57255 0.01321 1.55315 0.01168 -1.18519 0.00765 -0.20458 0.00452 0.98061 0.00783
2460492.6356713 -1.51398 0.00716 -0.51211 0.00425 -1.68469 0.00914 -0.70390 0.00458 0.55993 0.00634 -0.61264 0.01028 0.36815 0.00656 1.75958 0.01421 0.58700 0.01635 1.56779 0.01431 -1.17258 0.00948 -0.19179 0.00522 0.98079 0.00963
2460492.6509028 -1.47540 0.00837 -0.47381 0.00501 -1.64964 0.01106 -0.66649 0.00533 0.56324 0.00747 -0.61260 0.01237 0.37055 0.00769 1.74860 0.01653 0.57276 0.01925 1.55591 0.01663 -1.17584 0.01145 -0.19269 0.00609 0.98315 0.01159
2460492.6523495 -1.47717 0.00879 -0.46969 0.00500 -1.64766 0.01112 -0.66303 0.00550 0.56841 0.00748 -0.60956 0.01243 0.37507 0.00782 1.75660 0.01762 0.57863 0.02023 1.56326 0.01777 -1.17797 0.01147 -0.19334 0.00617 0.98463 0.01170
2460492.6537963 -1.46024 0.00918 -0.45366 0.00522 -1.62033 0.01177 -0.64794 0.00571 0.56264 0.00776 -0.60403 0.01310 0.36836 0.00810 1.77036 0.01856 0.60369 0.02135 1.57608 0.01871 -1.16667 0.01216 -0.19428 0.00647 0.97239 0.01238
2460492.3891782 -1.47813 0.00618 -0.47910 0.00384 -1.65606 0.00784 -0.67389 0.00417 0.56291 0.00550 -0.61405 0.00877 0.36812 0.00573 1.73936 0.01209 0.56240 0.01389 1.54457 0.01220 -1.17696 0.00811 -0.19479 0.00466 0.98217 0.00827
2460492.3935301 -1.49336 0.00617 -0.47465 0.00388 -1.65662 0.00788 -0.66496 0.00417 0.57500 0.00552 -0.60697 0.00881 0.38469 0.00573 1.78181 0.01209 0.59984 0.01390 1.59149 0.01218 -1.18197 0.00817 -0.19031 0.00469 0.99166 0.00831
2460492.4029861 -1.49443 0.00594 -0.49782 0.00375 -1.67695 0.00750 -0.70308 0.00402 0.55092 0.00534 -0.62822 0.00840 0.34566 0.00553 1.76575 0.01157 0.58662 0.01327 1.56049 0.01167 -1.17913 0.00777 -0.20526 0.00452 0.97387 0.00791
2460492.4116667 -1.56257 0.00601 -0.56131 0.00382 -1.74824 0.00737 -0.76175 0.00415 0.55882 0.00548 -0.62812 0.00835 0.35838 0.00572 1.76052 0.01177 0.57358 0.01335 1.56008 0.01188 -1.18694 0.00770 -0.20044 0.00472 0.98650 0.00787
2460492.4341319 -1.50920 0.00628 -0.50473 0.00396 -1.66793 0.00789 -0.69711 0.00426 0.55921 0.00565 -0.60399 0.00886 0.36682 0.00586 1.77229 0.01233 0.60909 0.01409 1.57990 0.01243 -1.16320 0.00821 -0.19239 0.00483 0.97081 0.00836
2460492.4486227 -1.48951 0.00616 -0.48028 0.00388 -1.65699 0.00780 -0.68101 0.00422 0.56860 0.00557 -0.60811 0.00877 0.36787 0.00582 1.76302 0.01190 0.58631 0.01369 1.56229 0.01201 -1.17671 0.00806 -0.20073 0.00469 0.97598 0.00824
2460492.4544097 -1.51479 0.00612 -0.49563 0.00383 -1.66533 0.00772 -0.69959 0.00417 0.57578 0.00543 -0.59392 0.00863 0.37182 0.00568 1.78123 0.01201 0.61153 0.01376 1.57727 0.01212 -1.16970 0.00800 -0.20396 0.00467 0.96574 0.00817
2460492.4631134 -1.54953 0.00638 -0.53413 0.00394 -1.70965 0.00796 -0.73972 0.00429 0.57183 0.00565 -0.60369 0.00893 0.36624 0.00590 1.77808 0.01258 0.60256 0.01436 1.57249 0.01270 -1.17552 0.00826 -0.20559 0.00482 0.96993 0.00844
2460492.4769097 -1.57338 0.00544 -0.55735 0.00346 -1.72360 0.00681 -0.75462 0.00374 0.56821 0.00498 -0.59805 0.00769 0.37093 0.00518 1.79172 0.01057 0.62547 0.01209 1.59444 0.01067 -1.16625 0.00708 -0.19727 0.00422 0.96898 0.00722
2460492.4921412 -1.50567 0.00509 -0.50299 0.00336 -1.65647 0.00635 -0.69339 0.00361 0.56058 0.00472 -0.59290 0.00717 0.37017 0.00490 1.76092 0.00974 0.60744 0.01113 1.57051 0.00982 -1.15348 0.00661 -0.19040 0.00404 0.96307 0.00674
2460492.4950463 -1.50889 0.00515 -0.50211 0.00338 -1.66920 0.00643 -0.68648 0.00362 0.56466 0.00473 -0.60243 0.00723 0.38028 0.00490 1.76506 0.00995 0.59797 0.01136 1.58068 0.01003 -1.16709 0.00670 -0.18438 0.00407 0.98272 0.00682
2460492.4964931 -1.49547 0.00509 -0.48405 0.00335 -1.66875 0.00637 -0.67651 0.00361 0.56968 0.00469 -0.61502 0.00717 0.37722 0.00488 1.76853 0.00973 0.58383 0.01114 1.57607 0.00983 -1.18470 0.00661 -0.19246 0.00402 0.99224 0.00675
2460492.5008449 -1.48535 0.00504 -0.48702 0.00339 -1.65348 0.00648 -0.68851 0.00365 0.55911 0.00471 -0.60735 0.00726 0.35762 0.00490 1.74785 0.00959 0.58139 0.01106 1.54636 0.00968 -1.16646 0.00673 -0.20149 0.00408 0.96497 0.00686
2460492.5189699 -1.60894 0.00508 -0.60490 0.00331 -1.77081 0.00658 -0.79092 0.00357 0.56556 0.00478 -0.60035 0.00743 0.37954 0.00496 1.75139 0.00977 0.58548 0.01130 1.56537 0.00986 -1.16591 0.00686 -0.18602 0.00406 0.97989 0.00699
2460492.5370949 -1.51761 0.00532 -0.51903 0.00347 -1.68583 0.00662 -0.69594 0.00370 0.55591 0.00487 -0.61089 0.00745 0.37900 0.00504 1.75852 0.01030 0.59172 0.01174 1.58160 0.01038 -1.16680 0.00690 -0.17691 0.00418 0.98989 0.00702
2460492.5428935 -1.49163 0.00508 -0.48070 0.00336 -1.64242 0.00643 -0.67810 0.00366 0.56766 0.00474 -0.59405 0.00724 0.37026 0.00495 1.77267 0.00966 0.61095 0.01111 1.57526 0.00977 -1.16172 0.00667 -0.19740 0.00406 0.96431 0.00682
2460492.5725926 -1.63949 0.00511 -0.63534 0.00329 -1.79006 0.00644 -0.82214 0.00352 0.56220 0.00478 -0.59252 0.00732 0.37540 0.00494 1.76191 0.00990 0.60719 0.01134 1.57511 0.00998 -1.15472 0.00674 -0.18680 0.00404 0.96792 0.00685
2460492.5805787 -1.56832 0.00531 -0.56304 0.00343 -1.73956 0.00696 -0.75953 0.00372 0.56844 0.00499 -0.60808 0.00785 0.37196 0.00519 1.74774 0.01019 0.57122 0.01185 1.55125 0.01029 -1.17652 0.00723 -0.19649 0.00421 0.98004 0.00738
2460492.5892708 -1.51304 0.00588 -0.48900 0.00363 -1.67031 0.00748 -0.69271 0.00388 0.58240 0.00533 -0.59890 0.00843 0.37869 0.00550 1.78085 0.01139 0.59955 0.01313 1.57714 0.01147 -1.18130 0.00773 -0.20371 0.00436 0.97760 0.00785
2460492.6030324 -1.46532 0.00596 -0.46025 0.00372 -1.63578 0.00763 -0.64546 0.00407 0.56016 0.00534 -0.61536 0.00854 0.37495 0.00559 1.77179 0.01157 0.59626 0.01336 1.58658 0.01169 -1.17553 0.00788 -0.18521 0.00452 0.99032 0.00805
2460492.6073727 -1.48375 0.00603 -0.48917 0.00382 -1.61850 0.00743 -0.66875 0.00410 0.55376 0.00546 -0.57557 0.00839 0.37419 0.00566 1.74893 0.01178 0.61959 0.01339 1.56935 0.01187 -1.12933 0.00774 -0.17958 0.00463 0.94976 0.00788
2460492.6102894 -1.49343 0.00613 -0.49315 0.00390 -1.63379 0.00788 -0.68547 0.00419 0.56494 0.00562 -0.57570 0.00886 0.37263 0.00582 1.73831 0.01191 0.59767 0.01374 1.54600 0.01201 -1.14064 0.00819 -0.19231 0.00475 0.94832 0.00833
2460492.6117361 -1.49575 0.00626 -0.49390 0.00388 -1.65836 0.00800 -0.69695 0.00419 0.55563 0.00557 -0.60884 0.00894 0.35258 0.00579 1.77263 0.01231 0.60816 0.01416 1.56957 0.01241 -1.16447 0.00829 -0.20305 0.00472 0.96141 0.00843
2460492.6436458 -1.47483 0.00762 -0.47260 0.00451 -1.63836 0.00962 -0.66773 0.00487 0.55868 0.00668 -0.60708 0.01081 0.36355 0.00693 1.76485 0.01508 0.59909 0.01731 1.56972 0.01519 -1.16576 0.00995 -0.19513 0.00549 0.97063 0.01011
2460492.6479977 -1.45822 0.00810 -0.46345 0.00475 -1.62912 0.01046 -0.64773 0.00509 0.55397 0.00697 -0.61170 0.01164 0.36969 0.00720 1.74907 0.01624 0.58339 0.01872 1.56479 0.01634 -1.16567 0.01081 -0.18428 0.00578 0.98139 0.01096
2460492.3848264 -1.50592 0.00661 -0.48993 0.00390 -1.65289 0.00835 -0.69508 0.00431 0.57611 0.00568 -0.58684 0.00932 0.37096 0.00597 1.76751 0.01322 0.60456 0.01514 1.56236 0.01335 -1.16295 0.00864 -0.20515 0.00484 0.95780 0.00883
2460492.3949769 -1.48814 0.00598 -0.47744 0.00378 -1.65578 0.00780 -0.67345 0.00402 0.56299 0.00540 -0.61536 0.00870 0.36697 0.00557 1.78604 0.01167 0.60769 0.01352 1.59002 0.01175 -1.17835 0.00808 -0.19602 0.00454 0.98233 0.00819
2460492.4174537 -1.60310 0.00599 -0.60514 0.00376 -1.76615 0.00748 -0.80934 0.00400 0.54899 0.00540 -0.61201 0.00843 0.34479 0.00557 1.77720 0.01190 0.61619 0.01354 1.57300 0.01198 -1.16101 0.00784 -0.20420 0.00463 0.95681 0.00796
2460492.4515162 -1.51875 0.00617 -0.49974 0.00388 -1.66539 0.00792 -0.69294 0.00419 0.57543 0.00555 -0.59022 0.00886 0.38223 0.00577 1.78171 0.01205 0.61606 0.01389 1.58851 0.01215 -1.16565 0.00820 -0.19320 0.00470 0.97245 0.00835
2460492.4602199 -1.53509 0.00611 -0.52738 0.00387 -1.68881 0.00790 -0.73442 0.00425 0.56730 0.00564 -0.59413 0.00890 0.36026 0.00590 1.76081 0.01180 0.59938 0.01366 1.55377 0.01192 -1.16142 0.00819 -0.20704 0.00478 0.95438 0.00838
2460492.4645486 -1.57021 0.00621 -0.55417 0.00393 -1.72371 0.00784 -0.75366 0.00430 0.57877 0.00566 -0.59077 0.00883 0.37928 0.00593 1.75976 0.01214 0.59022 0.01390 1.56027 0.01227 -1.16954 0.00817 -0.19949 0.00488 0.97005 0.00835
2460492.4798148 -1.55415 0.00542 -0.55303 0.00345 -1.70489 0.00677 -0.74756 0.00376 0.55477 0.00495 -0.59709 0.00765 0.36024 0.00517 1.77227 0.01054 0.62041 0.01204 1.57774 0.01064 -1.15186 0.00704 -0.19453 0.00424 0.95733 0.00720
2460492.5023032 -1.49124 0.00525 -0.47751 0.00341 -1.64808 0.00659 -0.67661 0.00373 0.56923 0.00481 -0.60135 0.00741 0.37012 0.00505 1.77925 0.01010 0.60867 0.01157 1.58014 0.01022 -1.17058 0.00683 -0.19911 0.00415 0.97147 0.00700
2460492.5066435 -1.48457 0.00509 -0.48145 0.00341 -1.64898 0.00638 -0.67191 0.00370 0.56266 0.00476 -0.60488 0.00719 0.37220 0.00496 1.75639 0.00968 0.58885 0.01108 1.56593 0.00978 -1.16754 0.00663 -0.19046 0.00412 0.97707 0.00678
2460492.5117245 -1.51776 0.00494 -0.51147 0.00334 -1.66923 0.00637 -0.69199 0.00354 0.56972 0.00465 -0.58805 0.00714 0.38920 0.00479 1.74799 0.00940 0.59023 0.01085 1.56747 0.00947 -1.15776 0.00663 -0.18052 0.00399 0.97724 0.00673
2460492.5131713 -1.52687 0.00502 -0.51989 0.00330 -1.69247 0.00633 -0.71469 0.00354 0.56587 0.00468 -0.60672 0.00715 0.37107 0.00485 1.76220 0.00959 0.58962 0.01101 1.56741 0.00967 -1.17259 0.00658 -0.19480 0.00396 0.97779 0.00670
2460492.5160648 -1.55780 0.00503 -0.55433 0.00332 -1.72433 0.00635 -0.74234 0.00356 0.56161 0.00472 -0.60839 0.00718 0.37360 0.00488 1.76097 0.00965 0.59097 0.01106 1.57295 0.00973 -1.17000 0.00662 -0.18801 0.00402 0.98199 0.00674
2460492.5204282 -1.62004 0.00529 -0.61470 0.00339 -1.79119 0.00661 -0.79842 0.00364 0.55616 0.00487 -0.62034 0.00748 0.37243 0.00505 1.78525 0.01034 0.60875 0.01179 1.60152 0.01042 -1.17649 0.00692 -0.18373 0.00417 0.99277 0.00704
2460492.5262153 -1.61039 0.00524 -0.59749 0.00334 -1.78500 0.00687 -0.78552 0.00366 0.57443 0.00484 -0.61308 0.00771 0.38640 0.00506 1.76022 0.01015 0.57271 0.01179 1.57219 0.01026 -1.18751 0.00714 -0.18803 0.00413 0.99948 0.00729
2460492.5305556 -1.56972 0.00520 -0.57042 0.00339 -1.74081 0.00681 -0.75325 0.00364 0.55603 0.00478 -0.61437 0.00760 0.37320 0.00496 1.76108 0.01009 0.59069 0.01169 1.57825 0.01017 -1.17039 0.00708 -0.18283 0.00412 0.98756 0.00720
2460492.5327546 -1.55297 0.00517 -0.54707 0.00340 -1.71721 0.00651 -0.73119 0.00365 0.56946 0.00481 -0.60067 0.00735 0.38535 0.00499 1.74719 0.00998 0.57705 0.01142 1.56307 0.01007 -1.17014 0.00680 -0.18412 0.00414 0.98602 0.00693
2460492.5342014 -1.54950 0.00529 -0.54113 0.00345 -1.70300 0.00666 -0.73203 0.00369 0.56803 0.00494 -0.59384 0.00754 0.37714 0.00511 1.76129 0.01018 0.59942 0.01167 1.57039 0.01027 -1.16187 0.00694 -0.19090 0.00418 0.97097 0.00706
2460492.5457870 -1.48729 0.00517 -0.48730 0.00340 -1.65887 0.00667 -0.66288 0.00363 0.55544 0.00476 -0.61613 0.00746 0.37987 0.00493 1.76562 0.00993 0.59405 0.01147 1.59004 0.01001 -1.17157 0.00692 -0.17558 0.00407 0.99599 0.00703
2460492.5501273 -1.47418 0.00507 -0.46586 0.00332 -1.64544 0.00656 -0.66752 0.00357 0.56809 0.00465 -0.61149 0.00733 0.36643 0.00483 1.76092 0.00975 0.58134 0.01127 1.55926 0.00983 -1.17958 0.00679 -0.20166 0.00398 0.97792 0.00692
2460492.5515741 -1.47382 0.00502 -0.46876 0.00330 -1.62791 0.00639 -0.66309 0.00356 0.56471 0.00459 -0.59445 0.00714 0.37037 0.00478 1.75801 0.00961 0.59885 0.01106 1.56367 0.00970 -1.15916 0.00661 -0.19434 0.00394 0.96482 0.00675
2460492.5610069 -1.51307 0.00497 -0.49545 0.00324 -1.66872 0.00622 -0.70190 0.00351 0.56840 0.00451 -0.60488 0.00697 0.36194 0.00471 1.79763 0.00965 0.62436 0.01102 1.59118 0.00975 -1.17327 0.00647 -0.20645 0.00392 0.96682 0.00661
2460492.5624537 -1.51209 0.00496 -0.51148 0.00328 -1.66894 0.00624 -0.70721 0.00354 0.56087 0.00458 -0.59659 0.00701 0.36514 0.00477 1.75173 0.00956 0.59427 0.01093 1.55599 0.00965 -1.15746 0.00649 -0.19573 0.00397 0.96173 0.00663
2460492.5696991 -1.61992 0.00511 -0.60792 0.00325 -1.78329 0.00640 -0.79589 0.00351 0.57430 0.00470 -0.60107 0.00725 0.38633 0.00488 1.75703 0.00994 0.58166 0.01137 1.56906 0.01003 -1.17537 0.00668 -0.18797 0.00399 0.98740 0.00681
2460492.5711343 -1.64161 0.00516 -0.62627 0.00327 -1.80671 0.00654 -0.81682 0.00353 0.57601 0.00477 -0.60442 0.00740 0.38546 0.00495 1.76523 0.01006 0.58479 0.01154 1.57468 0.01015 -1.18043 0.00683 -0.19055 0.00404 0.98988 0.00695
2460492.5747685 -1.63263 0.00520 -0.63870 0.00335 -1.79744 0.00661 -0.82855 0.00365 0.55825 0.00493 -0.60049 0.00753 0.36841 0.00514 1.73297 0.01003 0.57423 0.01153 1.54312 0.01013 -1.15874 0.00692 -0.18985 0.00419 0.96889 0.00707
2460492.5762269 -1.61886 0.00521 -0.61648 0.00338 -1.78521 0.00663 -0.81625 0.00368 0.56064 0.00489 -0.60809 0.00751 0.36086 0.00510 1.75949 0.01008 0.59076 0.01158 1.55972 0.01018 -1.16873 0.00693 -0.19977 0.00419 0.96896 0.00708
2460492.5776736 -1.60222 0.00540 -0.59740 0.00341 -1.74715 0.00664 -0.78431 0.00369 0.56201 0.00491 -0.58774 0.00752 0.37511 0.00510 1.76515 0.01059 0.61540 0.01202 1.57824 0.01068 -1.14975 0.00693 -0.18690 0.00420 0.96285 0.00707
2460492.6059259 -1.48254 0.00600 -0.47935 0.00373 -1.65744 0.00787 -0.67403 0.00405 0.56116 0.00544 -0.61694 0.00881 0.36647 0.00566 1.76119 0.01164 0.58309 0.01355 1.56650 0.01175 -1.17809 0.00813 -0.19468 0.00453 0.98341 0.00828
2460492.6088310 -1.49227 0.00622 -0.48810 0.00384 -1.64360 0.00790 -0.68085 0.00415 0.55923 0.00551 -0.59626 0.00884 0.36649 0.00573 1.77099 0.01219 0.61550 0.01401 1.57825 0.01229 -1.15549 0.00817 -0.19274 0.00463 0.96275 0.00832
2460492.6197222 -1.56292 0.00642 -0.56709 0.00393 -1.73512 0.00832 -0.77221 0.00426 0.55927 0.00579 -0.60876 0.00934 0.35415 0.00601 1.73747 0.01263 0.56945 0.01460 1.53235 0.01274 -1.16803 0.00864 -0.20512 0.00486 0.96291 0.00879
2460492.6494444 -1.44158 0.00804 -0.47098 0.00477 -1.60601 0.01049 -0.65444 0.00525 0.53562 0.00713 -0.59941 0.01175 0.35216 0.00746 1.70756 0.01585 0.57253 0.01840 1.52410 0.01600 -1.13503 0.01084 -0.18346 0.00592 0.95157 0.01106
2460492.3877315 -1.48858 0.00645 -0.47693 0.00395 -1.65308 0.00809 -0.67332 0.00421 0.56792 0.00565 -0.60823 0.00904 0.37153 0.00584 1.77481 0.01277 0.59866 0.01459 1.57842 0.01286 -1.17615 0.00838 -0.19639 0.00475 0.97976 0.00851
2460492.4073264 -1.52763 0.00612 -0.50596 0.00384 -1.68147 0.00752 -0.70504 0.00415 0.58006 0.00553 -0.59546 0.00851 0.38097 0.00575 1.77842 0.01191 0.60291 0.01356 1.57933 0.01202 -1.17551 0.00782 -0.19908 0.00466 0.97643 0.00797
2460492.4500694 -1.49075 0.00613 -0.48559 0.00394 -1.64304 0.00768 -0.68056 0.00428 0.56474 0.00558 -0.59271 0.00864 0.36977 0.00582 1.75832 0.01190 0.60086 0.01360 1.56335 0.01201 -1.15746 0.00798 -0.19497 0.00480 0.96249 0.00816
2460492.4587616 -1.51089 0.00611 -0.51703 0.00391 -1.68271 0.00789 -0.70308 0.00418 0.55643 0.00560 -0.60925 0.00885 0.37038 0.00579 1.73810 0.01187 0.57242 0.01370 1.55205 0.01196 -1.16568 0.00819 -0.18605 0.00473 0.97963 0.00832
2460492.4616551 -1.52725 0.00615 -0.51441 0.00395 -1.67840 0.00777 -0.72246 0.00426 0.56914 0.00567 -0.59484 0.00877 0.36109 0.00589 1.77590 0.01190 0.61192 0.01365 1.56785 0.01201 -1.16399 0.00809 -0.20805 0.00481 0.95593 0.00824
2460492.4674653 -1.57356 0.00581 -0.56638 0.00377 -1.73602 0.00745 -0.77807 0.00403 0.57386 0.00545 -0.59578 0.00842 0.36217 0.00563 1.73926 0.01124 0.56962 0.01295 1.52757 0.01133 -1.16964 0.00778 -0.21169 0.00462 0.95795 0.00791
2460492.4783565 -1.55877 0.00539 -0.55794 0.00348 -1.71416 0.00674 -0.75700 0.00376 0.55468 0.00503 -0.60155 0.00766 0.35562 0.00522 1.77136 0.01036 0.61513 0.01186 1.57230 0.01046 -1.15623 0.00703 -0.19906 0.00425 0.95717 0.00717
2460492.4884954 -1.51841 0.00524 -0.51238 0.00347 -1.68670 0.00680 -0.69619 0.00374 0.56466 0.00489 -0.60966 0.00762 0.38085 0.00508 1.76202 0.01005 0.58770 0.01163 1.57822 0.01014 -1.17432 0.00706 -0.18380 0.00420 0.99051 0.00720
2460492.4979514 -1.50122 0.00514 -0.48950 0.00338 -1.65439 0.00633 -0.67532 0.00364 0.57019 0.00474 -0.59469 0.00715 0.38438 0.00493 1.76821 0.00983 0.60332 0.01119 1.58239 0.00992 -1.16489 0.00657 -0.18582 0.00404 0.97907 0.00671
2460492.5051968 -1.48689 0.00521 -0.47907 0.00347 -1.65315 0.00674 -0.66539 0.00374 0.56396 0.00482 -0.61012 0.00753 0.37764 0.00502 1.77138 0.00996 0.59729 0.01152 1.58505 0.01006 -1.17409 0.00700 -0.18633 0.00418 0.98776 0.00713
2460492.5146296 -1.56035 0.00521 -0.53254 0.00335 -1.70889 0.00624 -0.72641 0.00360 0.58242 0.00479 -0.59392 0.00711 0.38856 0.00497 1.79598 0.01007 0.61964 0.01136 1.60212 0.01016 -1.17634 0.00651 -0.19387 0.00406 0.98248 0.00664
2460492.5175231 -1.59080 0.00509 -0.57919 0.00330 -1.72894 0.00655 -0.75874 0.00356 0.57195 0.00474 -0.57780 0.00738 0.39240 0.00492 1.76248 0.00980 0.61273 0.01131 1.58293 0.00989 -1.14975 0.00681 -0.17955 0.00403 0.97020 0.00694
2460492.5247685 -1.61838 0.00525 -0.61387 0.00341 -1.77230 0.00669 -0.80162 0.00363 0.56508 0.00487 -0.59334 0.00754 0.37733 0.00503 1.75469 0.01021 0.59627 0.01172 1.56695 0.01029 -1.15842 0.00700 -0.18775 0.00416 0.97067 0.00711
2460492.5276620 -1.60115 0.00522 -0.59644 0.00340 -1.76352 0.00686 -0.78231 0.00367 0.56104 0.00489 -0.60604 0.00770 0.37517 0.00508 1.76768 0.01008 0.60060 0.01171 1.58181 0.01017 -1.16708 0.00714 -0.18587 0.00419 0.98121 0.00728
2460492.5291088 -1.59195 0.00522 -0.57608 0.00337 -1.74848 0.00655 -0.76815 0.00368 0.57854 0.00482 -0.59386 0.00739 0.38647 0.00503 1.75976 0.01009 0.58736 0.01154 1.56769 0.01019 -1.17240 0.00682 -0.19207 0.00414 0.98033 0.00697
2460492.5356366 -1.53101 0.00532 -0.53343 0.00345 -1.71336 0.00682 -0.71574 0.00366 0.55425 0.00486 -0.62567 0.00764 0.37195 0.00502 1.75950 0.01034 0.57958 0.01190 1.57720 0.01042 -1.17992 0.00709 -0.18230 0.00415 0.99762 0.00720
2460492.5385417 -1.51344 0.00525 -0.49478 0.00342 -1.65832 0.00646 -0.68750 0.00370 0.57941 0.00487 -0.58414 0.00733 0.38669 0.00506 1.76833 0.01006 0.60478 0.01145 1.57561 0.01015 -1.16354 0.00672 -0.19271 0.00414 0.97083 0.00686
2460492.5414352 -1.50535 0.00515 -0.49395 0.00338 -1.65164 0.00651 -0.68757 0.00363 0.57379 0.00480 -0.58390 0.00735 0.38016 0.00498 1.75615 0.00983 0.59846 0.01130 1.56253 0.00992 -1.15769 0.00676 -0.19362 0.00407 0.96406 0.00689
2460492.5443403 -1.48460 0.00515 -0.47555 0.00335 -1.63932 0.00646 -0.67421 0.00365 0.57125 0.00472 -0.59252 0.00726 0.37259 0.00494 1.75437 0.00987 0.59060 0.01131 1.55571 0.00998 -1.16377 0.00669 -0.19866 0.00405 0.96511 0.00684
2460492.5472222 -1.47595 0.00524 -0.46371 0.00339 -1.65804 0.00682 -0.66446 0.00367 0.56666 0.00469 -0.62767 0.00755 0.36590 0.00490 1.78102 0.01017 0.58669 0.01177 1.58027 0.01027 -1.19432 0.00704 -0.20075 0.00408 0.99357 0.00718
2460492.5486806 -1.47654 0.00509 -0.46627 0.00336 -1.63802 0.00641 -0.66421 0.00363 0.56489 0.00473 -0.60685 0.00722 0.36695 0.00493 1.77844 0.00968 0.60669 0.01111 1.58050 0.00978 -1.17175 0.00664 -0.19794 0.00403 0.97380 0.00678
2460492.5552083 -1.46920 0.00495 -0.45823 0.00327 -1.64377 0.00620 -0.65433 0.00351 0.56645 0.00460 -0.61909 0.00699 0.37035 0.00477 1.77653 0.00941 0.59099 0.01078 1.58043 0.00949 -1.18554 0.00643 -0.19610 0.00391 0.98944 0.00656
2460492.5595602 -1.49440 0.00495 -0.48871 0.00325 -1.64841 0.00618 -0.67762 0.00352 0.56622 0.00463 -0.59349 0.00701 0.37730 0.00482 1.75601 0.00942 0.59630 0.01078 1.56709 0.00951 -1.15971 0.00642 -0.18892 0.00392 0.97079 0.00656
2460492.5653472 -1.57136 0.00510 -0.56006 0.00323 -1.73718 0.00646 -0.75547 0.00353 0.57302 0.00468 -0.60410 0.00729 0.37761 0.00489 1.75805 0.00984 0.58092 0.01132 1.56264 0.00994 -1.17712 0.00670 -0.19541 0.00396 0.98172 0.00685
2460492.5682523 -1.60823 0.00512 -0.59778 0.00330 -1.75061 0.00638 -0.79085 0.00352 0.56729 0.00475 -0.58554 0.00724 0.37422 0.00491 1.77185 0.00995 0.61902 0.01135 1.57878 0.01003 -1.15283 0.00668 -0.19307 0.00403 0.95976 0.00679
2460492.5791204 -1.59503 0.00536 -0.58308 0.00343 -1.73504 0.00671 -0.77953 0.00373 0.56659 0.00494 -0.58537 0.00759 0.37014 0.00515 1.78006 0.01049 0.62810 0.01197 1.58361 0.01059 -1.15196 0.00701 -0.19646 0.00426 0.95550 0.00717
2460492.5820255 -1.57241 0.00547 -0.55858 0.00345 -1.72047 0.00689 -0.75234 0.00373 0.57233 0.00506 -0.58956 0.00782 0.37857 0.00525 1.77023 0.01060 0.60834 0.01216 1.57647 0.01069 -1.16189 0.00718 -0.19376 0.00424 0.96813 0.00732
2460492.5834606 -1.55032 0.00549 -0.52858 0.00342 -1.70527 0.00691 -0.74464 0.00375 0.57673 0.00496 -0.59995 0.00779 0.36067 0.00520 1.78876 0.01071 0.61208 0.01228 1.57270 0.01082 -1.17669 0.00718 -0.21606 0.00422 0.96063 0.00734
2460492.5878125 -1.51319 0.00574 -0.50047 0.00359 -1.66968 0.00726 -0.69786 0.00389 0.56806 0.00514 -0.60115 0.00814 0.37066 0.00536 1.77871 0.01121 0.60950 0.01287 1.58132 0.01131 -1.16921 0.00753 -0.19739 0.00436 0.97182 0.00767
2460492.5972454 -1.47168 0.00594 -0.47160 0.00373 -1.65313 0.00758 -0.66491 0.00401 0.55861 0.00535 -0.62291 0.00849 0.36531 0.00555 1.75636 0.01157 0.57484 0.01332 1.56305 0.01166 -1.18152 0.00785 -0.19331 0.00450 0.98821 0.00798
2460492.6044792 -1.47232 0.00601 -0.46879 0.00377 -1.62583 0.00745 -0.65503 0.00406 0.56706 0.00541 -0.58997 0.00839 0.38082 0.00561 1.74488 0.01164 0.58785 0.01329 1.55864 0.01173 -1.15703 0.00770 -0.18624 0.00451 0.97079 0.00785
2460492.6131713 -1.48889 0.00626 -0.50468 0.00387 -1.67094 0.00798 -0.70760 0.00425 0.53893 0.00559 -0.62733 0.00894 0.33601 0.00586 1.75209 0.01226 0.58583 0.01410 1.54917 0.01238 -1.16626 0.00826 -0.20292 0.00475 0.96334 0.00844
2460492.6211690 -1.58540 0.00651 -0.59045 0.00394 -1.74860 0.00855 -0.77750 0.00428 0.55575 0.00582 -0.60241 0.00956 0.36869 0.00605 1.74447 0.01294 0.58631 0.01500 1.55742 0.01305 -1.15815 0.00888 -0.18705 0.00492 0.97110 0.00904
2460492.6465509 -1.48037 0.00775 -0.46279 0.00467 -1.63022 0.01011 -0.66735 0.00503 0.58266 0.00696 -0.58476 0.01135 0.37810 0.00720 1.75440 0.01524 0.58697 0.01768 1.54983 0.01536 -1.16743 0.01046 -0.20456 0.00572 0.96286 0.01063
2460492.3986343 -1.48942 0.00586 -0.47682 0.00368 -1.65962 0.00724 -0.67587 0.00396 0.56882 0.00525 -0.61399 0.00815 0.36977 0.00545 1.77592 0.01141 0.59311 0.01300 1.57687 0.01150 -1.18281 0.00750 -0.19905 0.00442 0.98376 0.00764
2460492.4058796 -1.51677 0.00601 -0.51142 0.00379 -1.69383 0.00758 -0.72239 0.00408 0.56398 0.00544 -0.61842 0.00853 0.35301 0.00565 1.76132 0.01172 0.57891 0.01343 1.55035 0.01182 -1.18240 0.00788 -0.21097 0.00461 0.97144 0.00802
