JD V-C s1 V-K1 s2 V-K2 s3 C1-K1 s4 C1-K2 s5 C2-K1 s6 C2-K2 s7 K1-K2 s8
Aperture: 4, Filter: L, JD: geocentric

2460492.4740046 -0.82136 0.00291 -1.75824 0.00584 -0.47797 0.00309 -0.61193 0.00662 0.66834 0.00439 -1.18665 0.00610 0.09362 0.00356 1.28027 0.00604
2460492.4754630 -0.81439 0.00294 -1.72451 0.00582 -0.45904 0.00312 -0.58724 0.00662 0.67823 0.00443 -1.15867 0.00608 0.10680 0.00358 1.26547 0.00602
2460492.4856019 -0.76740 0.00292 -1.68223 0.00577 -0.40408 0.00310 -0.59895 0.00651 0.67920 0.00433 -1.15922 0.00601 0.11893 0.00353 1.27815 0.00595
2460492.6407523 -0.73151 0.00401 -1.64869 0.00900 -0.36822 0.00412 -0.60497 0.01006 0.67550 0.00610 -1.15937 0.00932 0.12110 0.00476 1.28047 0.00921
2460492.6617708 -0.72964 0.00641 -1.64267 0.01618 -0.33793 0.00639 -0.61164 0.01805 0.69309 0.01023 -1.14867 0.01667 0.15606 0.00755 1.30473 0.01651
2460492.4558565 -0.74458 0.00323 -1.66173 0.00627 -0.38387 0.00341 -0.59578 0.00711 0.68208 0.00479 -1.16480 0.00652 0.11306 0.00387 1.27786 0.00645
2460492.4841551 -0.76801 0.00290 -1.68348 0.00573 -0.41356 0.00309 -0.59745 0.00646 0.67246 0.00430 -1.16114 0.00598 0.10878 0.00353 1.26992 0.00591
2460492.3833681 -0.74069 0.00335 -1.67126 0.00733 -0.39179 0.00348 -0.61132 0.00820 0.66815 0.00506 -1.17697 0.00760 0.10250 0.00402 1.27947 0.00752
2460492.4196412 -0.83317 0.00312 -1.75877 0.00634 -0.48158 0.00329 -0.60804 0.00720 0.66915 0.00474 -1.17099 0.00664 0.10620 0.00384 1.27719 0.00655
2460492.4225347 -0.83023 0.00313 -1.75910 0.00632 -0.47535 0.00331 -0.61674 0.00716 0.66701 0.00471 -1.17102 0.00664 0.11273 0.00388 1.28375 0.00654
2460492.4529630 -0.74687 0.00322 -1.65932 0.00650 -0.38635 0.00342 -0.59059 0.00730 0.68238 0.00478 -1.16039 0.00676 0.11258 0.00390 1.27297 0.00669
2460492.6182639 -0.81204 0.00333 -1.71612 0.00733 -0.44706 0.00349 -0.59266 0.00822 0.67641 0.00510 -1.14581 0.00764 0.12325 0.00410 1.26906 0.00755
2460492.6240625 -0.85820 0.00345 -1.76854 0.00772 -0.48658 0.00361 -0.59255 0.00868 0.68941 0.00536 -1.15588 0.00804 0.12608 0.00424 1.28196 0.00796
2460492.6255093 -0.84461 0.00356 -1.77205 0.00801 -0.48434 0.00366 -0.60915 0.00899 0.67856 0.00549 -1.17326 0.00834 0.11445 0.00434 1.28771 0.00823
2460492.6588773 -0.71996 0.00506 -1.62459 0.01165 -0.34537 0.00508 -0.60394 0.01307 0.67528 0.00781 -1.13985 0.01212 0.13937 0.00609 1.27922 0.01192
2460492.6603241 -0.73396 0.00571 -1.65223 0.01388 -0.33856 0.00556 -0.60398 0.01562 0.70968 0.00906 -1.16170 0.01439 0.15196 0.00673 1.31366 0.01416
2460492.6646644 -0.73634 0.00926 99.99999 9.99999 -0.33251 0.00899 99.99999 9.99999 0.68376 0.01454 99.99999 9.99999 0.18149 0.01113 99.99999 9.99999
2460492.3906250 -0.72396 0.00323 -1.65269 0.00663 -0.37281 0.00338 -0.60373 0.00747 0.67616 0.00483 -1.17853 0.00688 0.10135 0.00386 1.27988 0.00680
2460492.4210880 -0.83255 0.00314 -1.74794 0.00644 -0.47948 0.00333 -0.59906 0.00729 0.66940 0.00477 -1.16005 0.00673 0.10841 0.00386 1.26846 0.00666
2460492.4254282 -0.80428 0.00321 -1.74327 0.00666 -0.45433 0.00342 -0.62473 0.00751 0.66422 0.00487 -1.18242 0.00696 0.10653 0.00396 1.28895 0.00689
2460492.4812500 -0.77553 0.00292 -1.69625 0.00582 -0.41577 0.00311 -0.59837 0.00657 0.68211 0.00436 -1.16895 0.00607 0.11153 0.00355 1.28048 0.00600
2460492.6567014 -0.71421 0.00473 -1.63060 0.01120 -0.34137 0.00474 -0.59847 0.01256 0.69077 0.00741 -1.16200 0.01159 0.12723 0.00560 1.28923 0.01144
2460492.4239815 -0.81307 0.00320 -1.73812 0.00655 -0.47171 0.00337 -0.60141 0.00745 0.66500 0.00489 -1.17404 0.00684 0.09237 0.00391 1.26641 0.00677
2460492.4268866 -0.78596 0.00331 -1.71289 0.00673 -0.43461 0.00350 -0.60231 0.00763 0.67597 0.00502 -1.17651 0.00703 0.10177 0.00405 1.27828 0.00696
2460492.4696528 -0.83791 0.00306 -1.75578 0.00619 -0.48931 0.00327 -0.60336 0.00701 0.66312 0.00464 -1.16146 0.00649 0.10502 0.00381 1.26648 0.00643
2460492.4827083 -0.77114 0.00289 -1.68763 0.00574 -0.41437 0.00309 -0.60564 0.00648 0.66762 0.00431 -1.15786 0.00600 0.11539 0.00354 1.27326 0.00594
2460492.4906829 -0.73733 0.00289 -1.64163 0.00555 -0.37440 0.00305 -0.58362 0.00629 0.68361 0.00425 -1.15154 0.00579 0.11568 0.00346 1.26723 0.00571
2460492.4993866 -0.72606 0.00291 -1.64494 0.00563 -0.37470 0.00309 -0.59882 0.00636 0.67143 0.00429 -1.16576 0.00585 0.10449 0.00349 1.27025 0.00580
2460492.5080903 -0.73917 0.00291 -1.65456 0.00566 -0.37430 0.00309 -0.59787 0.00640 0.68239 0.00430 -1.16075 0.00590 0.11951 0.00352 1.28026 0.00583
2460492.5907176 -0.73533 0.00320 -1.66536 0.00640 -0.38120 0.00334 -0.60060 0.00727 0.68356 0.00479 -1.18242 0.00668 0.10174 0.00384 1.28416 0.00659
2460492.5986921 -0.71220 0.00323 -1.63272 0.00661 -0.35127 0.00337 -0.60142 0.00744 0.68003 0.00480 -1.16683 0.00687 0.11462 0.00385 1.28145 0.00678
2460492.6001505 -0.71744 0.00333 -1.63399 0.00693 -0.35480 0.00348 -0.60347 0.00778 0.67572 0.00495 -1.15928 0.00717 0.11992 0.00394 1.27919 0.00710
2460492.6146296 -0.76628 0.00331 -1.69954 0.00707 -0.39847 0.00345 -0.60709 0.00792 0.69398 0.00497 -1.18375 0.00735 0.11733 0.00399 1.30108 0.00726
2460492.6269560 -0.83004 0.00354 -1.75799 0.00797 -0.47932 0.00371 -0.60976 0.00893 0.66891 0.00547 -1.17372 0.00831 0.10495 0.00438 1.27867 0.00822
2460492.6313194 -0.81318 0.00361 -1.73142 0.00796 -0.45014 0.00373 -0.60734 0.00893 0.67394 0.00551 -1.15964 0.00832 0.12164 0.00445 1.28128 0.00819
2460492.6327662 -0.78946 0.00362 -1.70744 0.00775 -0.42550 0.00372 -0.60511 0.00878 0.67682 0.00555 -1.16057 0.00807 0.12137 0.00436 1.28193 0.00796
2460492.6421991 -0.73693 0.00382 -1.64325 0.00837 -0.36401 0.00391 -0.58943 0.00942 0.68981 0.00583 -1.15131 0.00870 0.12794 0.00457 1.27924 0.00858
2460492.3775810 -0.78036 0.00369 -1.72600 0.00877 -0.42986 0.00375 -0.64075 0.00980 0.65539 0.00575 -1.18343 0.00911 0.11271 0.00448 1.29614 0.00899
2460492.3862731 -0.72631 0.00324 -1.65721 0.00678 -0.37015 0.00337 -0.61507 0.00763 0.67199 0.00485 -1.17526 0.00703 0.11179 0.00385 1.28705 0.00695
2460492.4000810 -0.73442 0.00311 -1.66418 0.00642 -0.37986 0.00327 -0.60462 0.00719 0.67969 0.00461 -1.17964 0.00666 0.10467 0.00373 1.28431 0.00659
2460492.4312384 -0.75249 0.00333 -1.67002 0.00664 -0.40199 0.00350 -0.58392 0.00758 0.68412 0.00506 -1.17238 0.00692 0.09565 0.00400 1.26803 0.00685
2460492.4326852 -0.75123 0.00334 -1.67365 0.00686 -0.40144 0.00353 -0.59574 0.00771 0.67647 0.00498 -1.17320 0.00713 0.09901 0.00404 1.27221 0.00706
2460492.4399306 -0.72916 0.00337 -1.67243 0.00700 -0.37438 0.00352 -0.62835 0.00783 0.66970 0.00497 -1.18709 0.00727 0.11096 0.00403 1.29805 0.00717
2460492.4573148 -0.76188 0.00325 -1.66297 0.00648 -0.39794 0.00343 -0.58431 0.00731 0.68072 0.00481 -1.14601 0.00675 0.11902 0.00392 1.26503 0.00667
2460492.4870486 -0.75545 0.00298 -1.66690 0.00589 -0.39301 0.00316 -0.58351 0.00667 0.69038 0.00445 -1.16298 0.00614 0.11091 0.00360 1.27389 0.00607
2460492.4935995 -0.75443 0.00288 -1.67788 0.00558 -0.38905 0.00304 -0.60985 0.00631 0.67898 0.00424 -1.16648 0.00581 0.12235 0.00346 1.28883 0.00574
2460492.5095255 -0.74328 0.00288 -1.66192 0.00570 -0.38316 0.00307 -0.60756 0.00639 0.67121 0.00423 -1.16016 0.00593 0.11861 0.00348 1.27876 0.00586
2460492.5399884 -0.74320 0.00291 -1.66702 0.00569 -0.38400 0.00308 -0.60029 0.00643 0.68272 0.00431 -1.17274 0.00592 0.11028 0.00349 1.28302 0.00586
2460492.5863657 -0.76753 0.00304 -1.68058 0.00614 -0.40539 0.00319 -0.58570 0.00697 0.68949 0.00458 -1.16422 0.00640 0.11097 0.00366 1.27518 0.00632
2460492.5921644 -0.72390 0.00320 -1.65048 0.00662 -0.35613 0.00336 -0.60472 0.00744 0.68963 0.00476 -1.17452 0.00688 0.11983 0.00384 1.29435 0.00680
2460492.5936111 -0.72085 0.00320 -1.63679 0.00652 -0.36213 0.00335 -0.59692 0.00733 0.67775 0.00474 -1.16220 0.00679 0.11246 0.00385 1.27467 0.00670
2460492.5957986 -0.70697 0.00317 -1.64148 0.00638 -0.34953 0.00329 -0.61815 0.00718 0.67381 0.00466 -1.17918 0.00662 0.11277 0.00374 1.29195 0.00653
2460492.6226157 -0.84430 0.00348 -1.76319 0.00779 -0.48407 0.00363 -0.61361 0.00875 0.66551 0.00540 -1.15690 0.00812 0.12222 0.00429 1.27912 0.00802
2460492.6356713 -0.75589 0.00361 -1.67513 0.00781 -0.40654 0.00373 -0.60472 0.00881 0.66387 0.00552 -1.16282 0.00812 0.10577 0.00434 1.26859 0.00802
2460492.6393171 -0.75063 0.00385 -1.67021 0.00873 -0.36842 0.00392 -0.60316 0.00972 0.69864 0.00581 -1.16429 0.00906 0.13751 0.00462 1.30180 0.00892
2460492.6451042 -0.70994 0.00393 -1.62239 0.00856 -0.36586 0.00405 -0.59653 0.00959 0.66000 0.00593 -1.15685 0.00889 0.09968 0.00471 1.25653 0.00876
2460492.6509028 -0.71963 0.00412 -1.64372 0.00920 -0.34435 0.00416 -0.61115 0.01031 0.68823 0.00624 -1.16673 0.00954 0.13265 0.00487 1.29937 0.00939
2460492.6523495 -0.71815 0.00414 -1.64908 0.00928 -0.34182 0.00423 -0.60984 0.01039 0.69742 0.00631 -1.17842 0.00959 0.12884 0.00487 1.30726 0.00948
2460492.6537963 -0.69102 0.00428 -1.60963 0.00977 -0.34170 0.00444 -0.60403 0.01089 0.66390 0.00655 -1.16222 0.01011 0.10571 0.00514 1.26793 0.01001
2460492.6552546 -0.69153 0.00452 -1.62854 0.01048 -0.33758 0.00450 -0.63522 0.01173 0.65573 0.00693 -1.17289 0.01082 0.11807 0.00524 1.29095 0.01067
2460492.3891782 -0.72536 0.00322 -1.66577 0.00668 -0.38046 0.00340 -0.62432 0.00749 0.66100 0.00480 -1.18492 0.00693 0.10040 0.00387 1.28531 0.00687
2460492.3935301 -0.72239 0.00326 -1.65273 0.00672 -0.36384 0.00345 -0.60757 0.00753 0.68132 0.00484 -1.17882 0.00698 0.11007 0.00393 1.28890 0.00690
2460492.4029861 -0.73873 0.00315 -1.67775 0.00640 -0.39549 0.00334 -0.62892 0.00719 0.65334 0.00468 -1.17995 0.00665 0.10231 0.00380 1.28226 0.00658
2460492.4116667 -0.80743 0.00317 -1.74840 0.00631 -0.46271 0.00334 -0.62393 0.00717 0.66177 0.00477 -1.18606 0.00661 0.09964 0.00388 1.28570 0.00653
2460492.4341319 -0.74765 0.00331 -1.66466 0.00672 -0.39082 0.00348 -0.60427 0.00757 0.66957 0.00492 -1.15953 0.00701 0.11431 0.00401 1.27384 0.00692
2460492.4486227 -0.72738 0.00329 -1.65563 0.00665 -0.37396 0.00347 -0.60717 0.00749 0.67450 0.00489 -1.17574 0.00689 0.10593 0.00391 1.28167 0.00683
2460492.4544097 -0.74495 0.00322 -1.66453 0.00659 -0.39268 0.00342 -0.59539 0.00739 0.67646 0.00479 -1.16890 0.00684 0.10295 0.00389 1.27185 0.00677
2460492.4631134 -0.78299 0.00332 -1.70570 0.00680 -0.43287 0.00354 -0.60271 0.00766 0.67012 0.00499 -1.16956 0.00709 0.10327 0.00406 1.27283 0.00703
2460492.4769097 -0.80597 0.00298 -1.72625 0.00597 -0.45020 0.00315 -0.59757 0.00677 0.67848 0.00449 -1.16873 0.00623 0.10733 0.00363 1.27605 0.00617
2460492.4921412 -0.74680 0.00287 -1.66011 0.00557 -0.38844 0.00304 -0.59610 0.00630 0.67557 0.00423 -1.15849 0.00581 0.11318 0.00346 1.27167 0.00574
2460492.4950463 -0.74687 0.00290 -1.66611 0.00568 -0.38562 0.00307 -0.60058 0.00640 0.67991 0.00426 -1.16528 0.00593 0.11521 0.00350 1.28049 0.00584
2460492.4964931 -0.73349 0.00289 -1.66212 0.00560 -0.36870 0.00307 -0.60807 0.00632 0.68536 0.00424 -1.17581 0.00583 0.11762 0.00347 1.29342 0.00577
2460492.5008449 -0.73223 0.00289 -1.65479 0.00567 -0.37108 0.00307 -0.60607 0.00637 0.67764 0.00424 -1.16731 0.00590 0.11640 0.00348 1.28371 0.00583
2460492.5189699 -0.85292 0.00284 -1.76269 0.00570 -0.48986 0.00303 -0.59188 0.00647 0.68095 0.00431 -1.15536 0.00597 0.11748 0.00351 1.27283 0.00591
2460492.5370949 -0.76121 0.00293 -1.67768 0.00573 -0.39632 0.00312 -0.60224 0.00648 0.67912 0.00434 -1.15987 0.00599 0.12149 0.00357 1.28136 0.00592
2460492.5428935 -0.72931 0.00288 -1.64326 0.00559 -0.36891 0.00304 -0.59323 0.00632 0.68112 0.00423 -1.16122 0.00582 0.11312 0.00344 1.27435 0.00575
2460492.5725926 -0.87986 0.00279 -1.78843 0.00558 -0.51421 0.00295 -0.59070 0.00636 0.68353 0.00424 -1.15416 0.00586 0.12007 0.00346 1.27422 0.00579
2460492.5805787 -0.80987 0.00291 -1.73342 0.00593 -0.45541 0.00309 -0.60756 0.00671 0.67045 0.00440 -1.16801 0.00619 0.11000 0.00356 1.27801 0.00613
2460492.5892708 -0.74097 0.00317 -1.65905 0.00649 -0.37671 0.00330 -0.58838 0.00735 0.69396 0.00477 -1.17063 0.00674 0.11171 0.00377 1.28234 0.00667
2460492.6030324 -0.70311 0.00316 -1.62832 0.00650 -0.34751 0.00329 -0.61021 0.00730 0.67060 0.00467 -1.16908 0.00673 0.11173 0.00373 1.28081 0.00665
2460492.6073727 -0.72996 0.00321 -1.62056 0.00640 -0.37146 0.00337 -0.58218 0.00724 0.66691 0.00477 -1.13051 0.00668 0.11859 0.00387 1.24910 0.00659
2460492.6102894 -0.73802 0.00327 -1.63082 0.00673 -0.37307 0.00343 -0.57533 0.00758 0.68243 0.00490 -1.13815 0.00701 0.11961 0.00395 1.25776 0.00692
2460492.6117361 -0.73655 0.00325 -1.65467 0.00678 -0.37957 0.00342 -0.60538 0.00761 0.66972 0.00485 -1.16063 0.00705 0.11447 0.00391 1.27510 0.00696
2460492.6298727 -0.81743 0.00354 -1.72022 0.00770 -0.44283 0.00364 -0.57467 0.00870 0.70272 0.00544 -1.15443 0.00803 0.12296 0.00429 1.27739 0.00792
2460492.6342130 -0.78230 0.00364 -1.70406 0.00797 -0.41311 0.00374 -0.61113 0.00893 0.67982 0.00549 -1.16300 0.00830 0.12795 0.00441 1.29095 0.00817
2460492.6436458 -0.71675 0.00381 -1.64336 0.00823 -0.34899 0.00392 -0.61206 0.00925 0.68231 0.00576 -1.17021 0.00853 0.12416 0.00450 1.29437 0.00842
2460492.6479977 -0.70345 0.00397 -1.62354 0.00884 -0.33243 0.00407 -0.60805 0.00986 0.68305 0.00598 -1.16217 0.00915 0.12894 0.00471 1.29110 0.00903
2460492.3848264 -0.73901 0.00323 -1.65999 0.00700 -0.39801 0.00340 -0.59496 0.00782 0.66702 0.00488 -1.17137 0.00725 0.09061 0.00390 1.26198 0.00719
2460492.3949769 -0.72095 0.00320 -1.65857 0.00670 -0.37573 0.00336 -0.62154 0.00749 0.66130 0.00475 -1.18213 0.00696 0.10071 0.00384 1.28284 0.00687
2460492.4174537 -0.84437 0.00311 -1.76932 0.00641 -0.50257 0.00331 -0.61291 0.00724 0.65385 0.00473 -1.16706 0.00673 0.09970 0.00389 1.26676 0.00665
2460492.4515162 -0.75365 0.00327 -1.67057 0.00673 -0.39529 0.00344 -0.58975 0.00756 0.68553 0.00487 -1.16799 0.00699 0.10729 0.00393 1.27528 0.00691
2460492.4602199 -0.77459 0.00329 -1.68929 0.00676 -0.41871 0.00349 -0.59690 0.00763 0.67368 0.00498 -1.16023 0.00704 0.11035 0.00401 1.27058 0.00698
2460492.4645486 -0.80400 0.00330 -1.71537 0.00669 -0.43943 0.00349 -0.58184 0.00758 0.69410 0.00499 -1.16383 0.00699 0.11212 0.00405 1.27594 0.00691
2460492.4798148 -0.79238 0.00297 -1.70799 0.00596 -0.43657 0.00315 -0.60465 0.00674 0.66677 0.00446 -1.15705 0.00622 0.11437 0.00363 1.27142 0.00615
2460492.5023032 -0.72637 0.00295 -1.64757 0.00579 -0.36855 0.00313 -0.60115 0.00654 0.67788 0.00435 -1.16807 0.00603 0.11096 0.00354 1.27903 0.00596
2460492.5066435 -0.72651 0.00294 -1.63702 0.00562 -0.35885 0.00311 -0.59444 0.00636 0.68373 0.00430 -1.15502 0.00586 0.12315 0.00353 1.27817 0.00579
2460492.5117245 -0.75774 0.00284 -1.66640 0.00555 -0.39470 0.00302 -0.58741 0.00626 0.68429 0.00417 -1.15625 0.00579 0.11545 0.00344 1.27170 0.00572
2460492.5131713 -0.76543 0.00284 -1.69024 0.00555 -0.41071 0.00303 -0.60526 0.00628 0.67426 0.00422 -1.17138 0.00578 0.10815 0.00344 1.27953 0.00573
2460492.5160648 -0.79866 0.00284 -1.72130 0.00557 -0.44773 0.00301 -0.60655 0.00631 0.66702 0.00423 -1.16716 0.00583 0.10641 0.00346 1.27357 0.00575
2460492.5204282 -0.85850 0.00289 -1.78600 0.00579 -0.50024 0.00306 -0.61483 0.00657 0.67093 0.00436 -1.16997 0.00608 0.11579 0.00357 1.28576 0.00599
2460492.5262153 -0.84971 0.00288 -1.78213 0.00595 -0.48776 0.00306 -0.60738 0.00671 0.68700 0.00436 -1.18224 0.00620 0.11213 0.00353 1.29437 0.00614
2460492.5305556 -0.81390 0.00288 -1.73889 0.00590 -0.45920 0.00308 -0.61071 0.00662 0.66898 0.00431 -1.16842 0.00615 0.11127 0.00355 1.27969 0.00609
2460492.5327546 -0.79388 0.00287 -1.71876 0.00567 -0.44324 0.00307 -0.60279 0.00642 0.67273 0.00430 -1.17297 0.00594 0.10255 0.00353 1.27552 0.00587
2460492.5342014 -0.78849 0.00294 -1.69628 0.00578 -0.42330 0.00309 -0.58575 0.00657 0.68722 0.00439 -1.15584 0.00604 0.11713 0.00356 1.27297 0.00596
2460492.5457870 -0.72885 0.00294 -1.64913 0.00586 -0.35777 0.00311 -0.60668 0.00658 0.68469 0.00432 -1.16332 0.00610 0.12805 0.00353 1.29137 0.00602
2460492.5501273 -0.71379 0.00286 -1.64353 0.00572 -0.35496 0.00303 -0.60856 0.00641 0.68001 0.00420 -1.17728 0.00594 0.11130 0.00342 1.28857 0.00588
2460492.5515741 -0.71410 0.00285 -1.61827 0.00558 -0.34861 0.00301 -0.58474 0.00627 0.68493 0.00415 -1.15068 0.00579 0.11899 0.00339 1.26967 0.00572
2460492.5610069 -0.74461 0.00276 -1.66228 0.00541 -0.38482 0.00296 -0.59768 0.00609 0.67977 0.00407 -1.16449 0.00564 0.11296 0.00336 1.27745 0.00558
2460492.5624537 -0.75543 0.00279 -1.66488 0.00545 -0.39161 0.00295 -0.59265 0.00615 0.68062 0.00409 -1.15439 0.00569 0.11888 0.00337 1.27327 0.00561
2460492.5696991 -0.85599 0.00278 -1.77326 0.00557 -0.49901 0.00297 -0.59159 0.00633 0.68267 0.00423 -1.16747 0.00583 0.10679 0.00343 1.27426 0.00577
2460492.5711343 -0.87866 0.00278 -1.80869 0.00566 -0.51693 0.00293 -0.60593 0.00643 0.68582 0.00423 -1.17929 0.00593 0.11246 0.00343 1.29175 0.00586
2460492.5747685 -0.87993 0.00283 -1.78870 0.00568 -0.51177 0.00298 -0.59637 0.00649 0.68056 0.00433 -1.15108 0.00597 0.12585 0.00351 1.27693 0.00589
2460492.5762269 -0.86101 0.00288 -1.78158 0.00580 -0.49812 0.00304 -0.60397 0.00660 0.67948 0.00437 -1.16540 0.00608 0.11806 0.00355 1.28346 0.00600
2460492.5776736 -0.84256 0.00291 -1.74277 0.00580 -0.48399 0.00311 -0.58275 0.00660 0.67603 0.00442 -1.14554 0.00608 0.11323 0.00360 1.25878 0.00602
2460492.6059259 -0.72240 0.00317 -1.65374 0.00668 -0.37131 0.00332 -0.61556 0.00749 0.66687 0.00475 -1.17567 0.00692 0.10676 0.00378 1.28243 0.00685
2460492.6088310 -0.72987 0.00324 -1.63750 0.00672 -0.36650 0.00340 -0.59269 0.00754 0.67830 0.00482 -1.15145 0.00696 0.11955 0.00386 1.27100 0.00689
2460492.6197222 -0.80984 0.00331 -1.73680 0.00711 -0.46274 0.00346 -0.61131 0.00801 0.66274 0.00505 -1.17120 0.00741 0.10285 0.00404 1.27406 0.00732
2460492.6494444 -0.70577 0.00399 -1.59895 0.00879 -0.34174 0.00411 -0.59528 0.00987 0.66193 0.00608 -1.12670 0.00911 0.13051 0.00475 1.25721 0.00900
2460492.3877315 -0.72439 0.00327 -1.65123 0.00681 -0.37989 0.00345 -0.60668 0.00764 0.66466 0.00489 -1.17377 0.00707 0.09756 0.00395 1.27134 0.00700
2460492.4073264 -0.75733 0.00322 -1.68358 0.00643 -0.41098 0.00340 -0.59987 0.00729 0.67273 0.00483 -1.17686 0.00670 0.09574 0.00389 1.27260 0.00663
2460492.4500694 -0.73021 0.00328 -1.64054 0.00654 -0.37771 0.00344 -0.59133 0.00737 0.67150 0.00484 -1.15658 0.00681 0.10625 0.00393 1.26283 0.00672
2460492.4587616 -0.76110 0.00329 -1.67721 0.00671 -0.39412 0.00345 -0.60150 0.00756 0.68159 0.00490 -1.15974 0.00700 0.12335 0.00397 1.28309 0.00690
2460492.4616551 -0.76470 0.00332 -1.68185 0.00668 -0.40144 0.00346 -0.59519 0.00756 0.68522 0.00495 -1.16516 0.00697 0.11525 0.00400 1.28041 0.00687
2460492.4674653 -0.81693 0.00318 -1.73079 0.00641 -0.45950 0.00334 -0.58805 0.00728 0.68323 0.00480 -1.16412 0.00672 0.10716 0.00389 1.27128 0.00663
2460492.4783565 -0.79745 0.00302 -1.71030 0.00596 -0.43053 0.00320 -0.60209 0.00678 0.67768 0.00455 -1.15417 0.00623 0.12559 0.00369 1.27977 0.00616
2460492.4884954 -0.75740 0.00300 -1.67960 0.00600 -0.39903 0.00319 -0.60335 0.00675 0.67721 0.00445 -1.16834 0.00625 0.11222 0.00364 1.28056 0.00618
2460492.4979514 -0.73789 0.00291 -1.65060 0.00558 -0.37914 0.00309 -0.58874 0.00633 0.68272 0.00429 -1.16190 0.00581 0.10955 0.00349 1.27146 0.00575
2460492.5051968 -0.72293 0.00300 -1.63941 0.00595 -0.36030 0.00319 -0.60133 0.00667 0.67778 0.00439 -1.16043 0.00619 0.11868 0.00361 1.27911 0.00611
2460492.5146296 -0.78570 0.00289 -1.70240 0.00552 -0.42023 0.00306 -0.58708 0.00631 0.69510 0.00432 -1.16922 0.00578 0.11296 0.00350 1.28218 0.00571
2460492.5175231 -0.82762 0.00284 -1.72878 0.00572 -0.46272 0.00304 -0.57965 0.00647 0.68641 0.00428 -1.14891 0.00597 0.11715 0.00349 1.26606 0.00591
2460492.5247685 -0.86018 0.00289 -1.76838 0.00582 -0.49822 0.00307 -0.59060 0.00659 0.67955 0.00437 -1.15360 0.00611 0.11655 0.00359 1.27016 0.00603
2460492.5276620 -0.84278 0.00292 -1.75826 0.00598 -0.48023 0.00307 -0.59657 0.00676 0.68146 0.00440 -1.16167 0.00626 0.11636 0.00358 1.27803 0.00617
2460492.5291088 -0.82804 0.00290 -1.74672 0.00576 -0.45877 0.00308 -0.59322 0.00653 0.69473 0.00435 -1.16874 0.00603 0.11921 0.00355 1.28795 0.00596
2460492.5356366 -0.77318 0.00292 -1.70203 0.00587 -0.41453 0.00310 -0.61682 0.00660 0.67068 0.00433 -1.17094 0.00613 0.11656 0.00355 1.28750 0.00605
2460492.5385417 -0.75001 0.00292 -1.65792 0.00562 -0.39117 0.00309 -0.58035 0.00638 0.68640 0.00433 -1.15921 0.00586 0.10753 0.00351 1.26674 0.00579
2460492.5414352 -0.74352 0.00290 -1.64926 0.00566 -0.38739 0.00306 -0.57969 0.00641 0.68218 0.00429 -1.15615 0.00589 0.10572 0.00348 1.26187 0.00583
2460492.5443403 -0.72567 0.00290 -1.63875 0.00567 -0.37329 0.00309 -0.59334 0.00640 0.67212 0.00428 -1.15977 0.00590 0.10569 0.00348 1.26546 0.00584
2460492.5472222 -0.71198 0.00293 -1.64880 0.00597 -0.35316 0.00312 -0.61712 0.00665 0.67852 0.00429 -1.18349 0.00619 0.11215 0.00352 1.29564 0.00612
2460492.5486806 -0.71286 0.00292 -1.63741 0.00569 -0.35480 0.00310 -0.60744 0.00642 0.67517 0.00430 -1.16968 0.00591 0.11294 0.00349 1.28261 0.00585
2460492.5552083 -0.70710 0.00281 -1.63685 0.00542 -0.35442 0.00298 -0.61120 0.00612 0.67123 0.00413 -1.17572 0.00563 0.10671 0.00336 1.28243 0.00557
2460492.5595602 -0.73574 0.00280 -1.65071 0.00541 -0.37431 0.00295 -0.59661 0.00613 0.67980 0.00413 -1.16083 0.00563 0.11557 0.00334 1.27640 0.00557
2460492.5653472 -0.80711 0.00280 -1.72863 0.00562 -0.45285 0.00299 -0.59547 0.00637 0.68031 0.00424 -1.17194 0.00586 0.10384 0.00341 1.27578 0.00581
2460492.5682523 -0.84271 0.00281 -1.75096 0.00560 -0.48061 0.00298 -0.58781 0.00637 0.68254 0.00425 -1.15535 0.00587 0.11500 0.00346 1.27035 0.00580
2460492.5791204 -0.83256 0.00290 -1.73411 0.00582 -0.47401 0.00308 -0.58107 0.00661 0.67902 0.00439 -1.14867 0.00610 0.11143 0.00359 1.26009 0.00603
2460492.5820255 -0.80627 0.00293 -1.71708 0.00591 -0.44868 0.00307 -0.58733 0.00672 0.68106 0.00444 -1.15970 0.00618 0.10869 0.00356 1.26840 0.00610
2460492.5834606 -0.78177 0.00291 -1.70967 0.00594 -0.42890 0.00308 -0.59957 0.00671 0.68121 0.00440 -1.17967 0.00618 0.10111 0.00353 1.28078 0.00612
2460492.5878125 -0.74464 0.00308 -1.66172 0.00629 -0.39190 0.00326 -0.59364 0.00708 0.67618 0.00461 -1.16595 0.00654 0.10387 0.00372 1.26982 0.00648
2460492.5972454 -0.71344 0.00315 -1.64338 0.00645 -0.36131 0.00331 -0.61780 0.00725 0.66427 0.00468 -1.17210 0.00670 0.10997 0.00378 1.28207 0.00662
2460492.6044792 -0.71448 0.00320 -1.62244 0.00638 -0.34778 0.00333 -0.58895 0.00721 0.68571 0.00472 -1.15422 0.00662 0.12044 0.00377 1.27466 0.00654
2460492.6131713 -0.73738 0.00328 -1.66006 0.00680 -0.37995 0.00343 -0.62158 0.00764 0.65854 0.00489 -1.15816 0.00706 0.12195 0.00392 1.28011 0.00697
2460492.6211690 -0.83269 0.00335 -1.74510 0.00736 -0.46388 0.00347 -0.59669 0.00827 0.68453 0.00513 -1.15670 0.00768 0.12452 0.00410 1.28122 0.00757
2460492.6465509 -0.71100 0.00390 -1.61588 0.00848 -0.34485 0.00399 -0.57747 0.00954 0.69356 0.00592 -1.15609 0.00879 0.11493 0.00463 1.27103 0.00867
2460492.3986343 -0.72450 0.00311 -1.66228 0.00622 -0.37105 0.00326 -0.61707 0.00701 0.67416 0.00459 -1.18504 0.00646 0.10619 0.00369 1.29123 0.00637
2460492.4058796 -0.75715 0.00318 -1.69088 0.00645 -0.41908 0.00335 -0.61764 0.00728 0.65416 0.00475 -1.17823 0.00673 0.09356 0.00385 1.27180 0.00665
2460492.4283333 -0.77311 0.00334 -1.71282 0.00692 -0.41687 0.00352 -0.62496 0.00778 0.67099 0.00500 -1.18343 0.00722 0.11252 0.00406 1.29595 0.00712
2460492.4355903 -0.74196 0.00331 -1.65301 0.00671 -0.38829 0.00349 -0.59662 0.00754 0.66810 0.00491 -1.15458 0.00700 0.11015 0.00402 1.26472 0.00690
2460492.4384838 -0.73596 0.00333 -1.66213 0.00673 -0.38795 0.00353 -0.61393 0.00757 0.66025 0.00496 -1.16838 0.00701 0.10579 0.00405 1.27418 0.00693
2460492.4660069 -0.81581 0.00325 -1.73481 0.00671 -0.44504 0.00342 -0.60485 0.00757 0.68492 0.00488 -1.16236 0.00701 0.12742 0.00397 1.28978 0.00692
2460492.5037500 -0.72059 0.00297 -1.63032 0.00571 -0.35869 0.00314 -0.59167 0.00646 0.67996 0.00434 -1.15542 0.00595 0.11621 0.00354 1.27163 0.00587
2460492.5233218 -0.86265 0.00288 -1.79010 0.00578 -0.50218 0.00308 -0.60248 0.00656 0.68543 0.00437 -1.17722 0.00607 0.11070 0.00359 1.28791 0.00600
2460492.5537616 -0.70954 0.00280 -1.63026 0.00549 -0.35378 0.00299 -0.58820 0.00616 0.68829 0.00410 -1.17493 0.00569 0.10155 0.00334 1.27648 0.00564
2460492.5581134 -0.72505 0.00279 -1.63147 0.00530 -0.36013 0.00295 -0.58738 0.00602 0.68396 0.00410 -1.15269 0.00552 0.11864 0.00333 1.27134 0.00545
2460492.5639005 -0.77688 0.00277 -1.70590 0.00543 -0.41664 0.00296 -0.60875 0.00614 0.68051 0.00412 -1.17602 0.00566 0.11325 0.00337 1.28927 0.00560
2460492.5667940 -0.82019 0.00281 -1.71708 0.00560 -0.44582 0.00298 -0.57794 0.00634 0.69332 0.00421 -1.14311 0.00585 0.12815 0.00344 1.27126 0.00578
2460492.5849190 -0.77741 0.00296 -1.70766 0.00599 -0.42147 0.00311 -0.60519 0.00678 0.68100 0.00445 -1.18009 0.00624 0.10611 0.00357 1.28620 0.00617
2460492.6168171 -0.77511 0.00332 -1.70449 0.00729 -0.42868 0.00346 -0.61462 0.00816 0.66119 0.00504 -1.17311 0.00757 0.10270 0.00401 1.27581 0.00748
2460492.3920718 -0.73187 0.00326 -1.66223 0.00695 -0.38667 0.00345 -0.61850 0.00772 0.65706 0.00482 -1.17234 0.00721 0.10322 0.00394 1.27556 0.00713
2460492.4145602 -0.83853 0.00319 -1.76696 0.00657 -0.48279 0.00338 -0.61625 0.00743 0.66792 0.00485 -1.17061 0.00687 0.11356 0.00394 1.28417 0.00679
2460492.4297801 -0.76360 0.00342 -1.69216 0.00695 -0.40963 0.00356 -0.61064 0.00788 0.67189 0.00514 -1.17417 0.00725 0.10836 0.00411 1.28253 0.00715
2460492.4442824 -0.72678 0.00336 -1.66148 0.00678 -0.37939 0.00350 -0.61241 0.00766 0.66967 0.00501 -1.18290 0.00705 0.09918 0.00400 1.28208 0.00696
2460492.5218750 -0.86384 0.00292 -1.77210 0.00594 -0.50178 0.00311 -0.59245 0.00673 0.67787 0.00443 -1.15260 0.00622 0.11772 0.00362 1.27032 0.00615
2460492.5566667 -0.72694 0.00279 -1.65053 0.00550 -0.35695 0.00296 -0.61070 0.00616 0.68288 0.00406 -1.16618 0.00572 0.12739 0.00335 1.29358 0.00565
2460492.6015972 -0.71745 0.00316 -1.62094 0.00641 -0.35838 0.00331 -0.58747 0.00725 0.67509 0.00473 -1.14796 0.00667 0.11460 0.00378 1.26256 0.00659
2460492.4102199 -0.79599 0.00314 -1.73601 0.00642 -0.44741 0.00331 -0.62182 0.00727 0.66677 0.00475 -1.18578 0.00670 0.10282 0.00382 1.28860 0.00663
2460492.4428356 -0.72499 0.00333 -1.65937 0.00676 -0.38749 0.00351 -0.61457 0.00760 0.65731 0.00495 -1.18110 0.00701 0.09078 0.00398 1.27188 0.00695
2460492.3790278 -0.76719 0.00357 -1.69236 0.00816 -0.41929 0.00366 -0.60362 0.00915 0.66946 0.00553 -1.17294 0.00845 0.10014 0.00427 1.27308 0.00836
2460492.3804745 -0.75658 0.00352 -1.68202 0.00775 -0.41006 0.00368 -0.59751 0.00877 0.67444 0.00552 -1.17695 0.00804 0.09501 0.00424 1.27195 0.00799
2460492.3964236 -0.72306 0.00321 -1.65851 0.00647 -0.37272 0.00337 -0.62484 0.00729 0.66095 0.00476 -1.17668 0.00674 0.10911 0.00387 1.28579 0.00665
2460492.4044329 -0.74444 0.00317 -1.67587 0.00646 -0.40366 0.00334 -0.61129 0.00729 0.66091 0.00474 -1.17835 0.00671 0.09386 0.00380 1.27221 0.00665
2460492.4457292 -0.72228 0.00331 -1.66955 0.00680 -0.38756 0.00351 -0.62994 0.00764 0.65205 0.00494 -1.19252 0.00706 0.08947 0.00399 1.28199 0.00699
2460492.4087731 -0.78637 0.00319 -1.70922 0.00649 -0.43287 0.00337 -0.60582 0.00732 0.67054 0.00477 -1.16793 0.00677 0.10842 0.00389 1.27635 0.00669
