JD V-C s1 V-K1 s2 V-K2 s3 V-K3 s4 V-K4 s5 C1-K1 s6 C1-K2 s7 C1-K3 s8 C1-K4 s9 C2-K1 s10 C2-K2 s11 C2-K3 s12 C2-K4 s13 K1-K2 s14 K1-K3 s15 K1-K4 s16 K2-K3 s17 K2-K4 s18 K3-K4 s19
Aperture: 6, Filter: L, JD: geocentric
2460492.3775810 0.78597 0.00432 -0.53655 0.00571 -2.56831 0.02772 -0.74998 0.00629 -1.74101 0.01413 0.55506 0.00893 -1.47670 0.02856 0.34163 0.00931 -0.64940 0.01571 -1.97424 0.00494 -4.00600 0.02757 -2.18768 0.00560 -3.17871 0.01383 -2.03176 0.02797 -0.21343 0.00731 -1.20446 0.01461 1.81832 0.02809 0.82729 0.03081 -0.99103 0.01485
2460492.3790278 0.79581 0.00415 -0.51725 0.00535 -2.50109 0.02519 -0.71676 0.00592 -1.68884 0.01279 0.57094 0.00836 -1.41291 0.02599 0.37143 0.00873 -0.60066 0.01432 -1.96541 0.00457 -3.94925 0.02503 -2.16492 0.00522 -3.13700 0.01249 -1.98385 0.02540 -0.19951 0.00677 -1.17159 0.01321 1.78434 0.02553 0.81226 0.02793 -0.97208 0.01345
2460492.3804745 0.80246 0.00403 -0.50375 0.00512 -2.46120 0.02273 -0.70238 0.00560 -1.66632 0.01183 0.57515 0.00809 -1.38229 0.02358 0.37652 0.00840 -0.58741 0.01338 -1.95831 0.00437 -3.91575 0.02257 -2.15694 0.00492 -3.12087 0.01152 -1.95745 0.02294 -0.19863 0.00640 -1.16256 0.01223 1.75881 0.02305 0.79488 0.02530 -0.96393 0.01244
2460492.3819213 0.81087 0.00385 -0.49810 0.00495 -2.48088 0.02232 -0.71130 0.00550 -1.67745 0.01102 0.56904 0.00779 -1.41374 0.02312 0.35584 0.00816 -0.61031 0.01256 -1.96074 0.00425 -3.94352 0.02218 -2.17394 0.00489 -3.14009 0.01073 -1.98278 0.02253 -0.21320 0.00630 -1.17935 0.01144 1.76958 0.02266 0.80343 0.02459 -0.96615 0.01169
2460492.3833681 0.81991 0.00371 -0.49438 0.00481 -2.47941 0.02091 -0.69481 0.00529 -1.67146 0.01114 0.55743 0.00722 -1.42759 0.02159 0.35700 0.00755 -0.61964 0.01237 -1.96545 0.00410 -3.95047 0.02076 -2.16587 0.00464 -3.14252 0.01085 -1.98502 0.02111 -0.20043 0.00601 -1.17707 0.01150 1.78460 0.02122 0.80795 0.02338 -0.97665 0.01171
2460492.3848264 0.81558 0.00350 -0.49094 0.00452 -2.48696 0.01967 -0.69676 0.00506 -1.65373 0.01039 0.57448 0.00678 -1.42154 0.02031 0.36866 0.00715 -0.58831 0.01156 -1.95857 0.00385 -3.95459 0.01953 -2.16439 0.00446 -3.12136 0.01012 -1.99602 0.01985 -0.20582 0.00572 -1.16279 0.01073 1.79020 0.01998 0.83323 0.02195 -0.95697 0.01097
2460492.3862731 0.83538 0.00350 -0.48725 0.00445 -2.47494 0.01845 -0.67861 0.00494 -1.68157 0.01013 0.56512 0.00674 -1.42257 0.01914 0.37377 0.00708 -0.62920 0.01132 -1.97534 0.00377 -3.96303 0.01830 -2.16670 0.00434 -3.16966 0.00985 -1.98769 0.01863 -0.19136 0.00557 -1.19432 0.01045 1.79633 0.01875 0.79337 0.02073 -1.00296 0.01067
2460492.3877315 0.83466 0.00350 -0.47761 0.00454 -2.44534 0.01782 -0.67156 0.00484 -1.66115 0.01003 0.57061 0.00671 -1.39712 0.01850 0.37667 0.00692 -0.61292 0.01118 -1.96451 0.00386 -3.93224 0.01766 -2.15846 0.00421 -3.14805 0.00974 -1.96773 0.01802 -0.19394 0.00552 -1.18354 0.01037 1.77379 0.01810 0.78419 0.02011 -0.98959 0.01051
2460492.3891782 0.83852 0.00342 -0.47907 0.00438 -2.49375 0.01869 -0.66959 0.00478 -1.65660 0.00963 0.56281 0.00648 -1.45187 0.01929 0.37230 0.00676 -0.61471 0.01075 -1.96959 0.00370 -3.98427 0.01854 -2.16011 0.00417 -3.14712 0.00934 -2.01468 0.01885 -0.19052 0.00538 -1.17753 0.00994 1.82416 0.01895 0.83715 0.02071 -0.98701 0.01013
2460492.3906250 0.83803 0.00342 -0.47679 0.00438 -2.46899 0.01867 -0.67356 0.00477 -1.65371 0.00955 0.57644 0.00657 -1.41576 0.01930 0.37967 0.00683 -0.60047 0.01073 -1.96786 0.00372 -3.96007 0.01853 -2.16463 0.00417 -3.14478 0.00926 -1.99220 0.01884 -0.19677 0.00540 -1.17692 0.00988 1.79544 0.01894 0.81529 0.02066 -0.98015 0.01006
2460492.3920718 0.83200 0.00340 -0.49190 0.00443 -2.49723 0.01763 -0.67749 0.00476 -1.65818 0.01001 0.55601 0.00644 -1.44932 0.01824 0.37043 0.00668 -0.61027 0.01105 -1.97586 0.00377 -3.98119 0.01748 -2.16144 0.00415 -3.14214 0.00974 -2.00533 0.01782 -0.18558 0.00542 -1.16628 0.01034 1.81975 0.01791 0.83905 0.01996 -0.98069 0.01049
2460492.3935301 0.84553 0.00340 -0.47319 0.00440 -2.49978 0.01796 -0.66225 0.00475 -1.65673 0.00964 0.57497 0.00646 -1.45163 0.01857 0.38590 0.00671 -0.60857 0.01074 -1.97200 0.00374 -3.99860 0.01781 -2.16107 0.00415 -3.15554 0.00936 -2.02660 0.01814 -0.18907 0.00539 -1.18354 0.00997 1.83753 0.01823 0.84306 0.02007 -0.99447 0.01013
2460492.3949769 0.83755 0.00329 -0.47892 0.00425 -2.50515 0.01781 -0.67703 0.00453 -1.66509 0.00957 0.56680 0.00630 -1.45943 0.01841 0.36868 0.00650 -0.61937 0.01064 -1.96875 0.00363 -3.99497 0.01768 -2.16686 0.00396 -3.15491 0.00931 -2.02623 0.01799 -0.19811 0.00517 -1.18617 0.00989 1.82811 0.01806 0.84006 0.01992 -0.98805 0.01001
2460492.3964236 0.84087 0.00328 -0.48317 0.00427 -2.49892 0.01717 -0.66621 0.00454 -1.66607 0.00903 0.55438 0.00628 -1.46137 0.01777 0.37134 0.00647 -0.62852 0.01014 -1.97585 0.00364 -3.99160 0.01702 -2.15889 0.00396 -3.15875 0.00876 -2.01575 0.01735 -0.18305 0.00519 -1.18290 0.00938 1.83271 0.01742 0.83285 0.01909 -0.99986 0.00950
2460492.3986343 0.83755 0.00326 -0.47587 0.00414 -2.51392 0.01726 -0.67621 0.00449 -1.65730 0.00878 0.56279 0.00611 -1.47526 0.01784 0.36245 0.00635 -0.61864 0.00986 -1.96501 0.00349 -4.00306 0.01712 -2.16535 0.00390 -3.14644 0.00849 -2.03805 0.01742 -0.20035 0.00504 -1.18143 0.00907 1.83771 0.01750 0.85662 0.01906 -0.98109 0.00924
2460492.4000810 0.83003 0.00322 -0.48169 0.00414 -2.51713 0.01768 -0.67768 0.00455 -1.66234 0.00921 0.57233 0.00609 -1.46311 0.01824 0.37634 0.00637 -0.60831 0.01023 -1.96407 0.00353 -3.99951 0.01755 -2.16006 0.00399 -3.14471 0.00895 -2.03544 0.01784 -0.19599 0.00513 -1.18064 0.00952 1.83945 0.01794 0.85479 0.01965 -0.98465 0.00970
2460492.4015394 0.82314 0.00330 99.99999 9.99999 -2.51983 0.01796 -0.68837 0.00463 99.99999 9.99999 99.99999 9.99999 -1.46569 0.01850 0.36578 0.00641 99.99999 9.99999 99.99999 9.99999 -3.99467 0.01782 -2.16321 0.00403 99.99999 9.99999 99.99999 9.99999 99.99999 9.99999 99.99999 9.99999 1.83146 0.01821 99.99999 9.99999 99.99999 9.99999
2460492.4029861 0.81492 0.00329 -0.49933 0.00422 -2.52622 0.01793 -0.70095 0.00455 -1.68406 0.00918 0.54928 0.00623 -1.47762 0.01851 0.34766 0.00645 -0.63546 0.01026 -1.96459 0.00359 -3.99148 0.01780 -2.16621 0.00397 -3.14933 0.00891 -2.02690 0.01810 -0.20162 0.00515 -1.18474 0.00949 1.82527 0.01818 0.84216 0.01985 -0.98312 0.00964
2460492.4044329 0.81564 0.00332 -0.49207 0.00420 -2.52418 0.01772 -0.69226 0.00455 -1.67051 0.00922 0.57122 0.00632 -1.46089 0.01834 0.37102 0.00655 -0.60722 0.01036 -1.95957 0.00356 -3.99168 0.01758 -2.15976 0.00396 -3.13800 0.00895 -2.03211 0.01788 -0.20019 0.00513 -1.17844 0.00952 1.83192 0.01797 0.85367 0.01968 -0.97825 0.00968
2460492.4058796 0.80069 0.00331 -0.51062 0.00428 -2.53108 0.01757 -0.72096 0.00463 -1.70268 0.00932 0.56542 0.00638 -1.45504 0.01819 0.35508 0.00662 -0.62664 0.01045 -1.96296 0.00367 -3.98342 0.01743 -2.17330 0.00407 -3.15502 0.00905 -2.02046 0.01775 -0.21034 0.00528 -1.19206 0.00966 1.81012 0.01784 0.82840 0.01959 -0.98172 0.00982
2460492.4073264 0.80066 0.00339 -0.50949 0.00435 -2.51219 0.01787 -0.70905 0.00474 -1.68668 0.00919 0.57537 0.00649 -1.42733 0.01851 0.37581 0.00675 -0.60182 0.01038 -1.96265 0.00371 -3.96535 0.01773 -2.16221 0.00416 -3.13984 0.00891 -2.00270 0.01805 -0.19956 0.00537 -1.17719 0.00953 1.80314 0.01815 0.82551 0.01978 -0.97763 0.00972
2460492.4087731 0.78060 0.00332 -0.54337 0.00434 -2.52461 0.01734 -0.72997 0.00469 -1.72596 0.00941 0.55638 0.00640 -1.42486 0.01797 0.36978 0.00664 -0.62621 0.01052 -1.97596 0.00373 -3.95721 0.01720 -2.16257 0.00414 -3.15856 0.00915 -1.98124 0.01754 -0.18660 0.00538 -1.18259 0.00977 1.79464 0.01763 0.79865 0.01942 -0.99599 0.00993
2460492.4102199 0.76538 0.00326 -0.55288 0.00420 -2.56415 0.01729 -0.74994 0.00461 -1.74881 0.00925 0.56182 0.00635 -1.44945 0.01793 0.36476 0.00663 -0.63410 0.01040 -1.97023 0.00362 -3.98150 0.01716 -2.16729 0.00409 -3.16616 0.00900 -2.01127 0.01748 -0.19706 0.00527 -1.19593 0.00960 1.81421 0.01758 0.81535 0.01932 -0.99887 0.00978
2460492.4116667 0.75422 0.00330 -0.55967 0.00432 -2.59343 0.01784 -0.75964 0.00474 -1.75247 0.00897 0.55811 0.00642 -1.47565 0.01846 0.35814 0.00671 -0.63469 0.01015 -1.96507 0.00374 -3.99883 0.01770 -2.16504 0.00422 -3.15786 0.00871 -2.03376 0.01803 -0.19997 0.00544 -1.19280 0.00936 1.83379 0.01814 0.84096 0.01967 -0.99283 0.00956
2460492.4131134 0.73316 0.00326 99.99999 9.99999 -2.60528 0.01768 -0.78517 0.00471 -1.76234 0.00948 99.99999 9.99999 -1.45130 0.01833 0.36881 0.00676 -0.60836 0.01065 99.99999 9.99999 -3.99109 0.01756 -2.17099 0.00422 -3.14816 0.00925 99.99999 9.99999 99.99999 9.99999 99.99999 9.99999 1.82011 0.01800 0.84294 0.01979 -0.97717 0.01006
2460492.4145602 0.72072 0.00332 -0.59886 0.00434 -2.60443 0.01807 -0.80728 0.00480 -1.77016 0.00944 0.55631 0.00654 -1.44927 0.01872 0.34788 0.00685 -0.61500 0.01063 -1.97113 0.00377 -3.97671 0.01794 -2.17956 0.00428 -3.14244 0.00919 -2.00558 0.01827 -0.20842 0.00551 -1.17131 0.00982 1.79715 0.01838 0.83427 0.02010 -0.96288 0.01003
2460492.4160069 0.72384 0.00327 -0.59315 0.00424 -2.57862 0.01789 -0.78626 0.00475 -1.76400 0.00970 0.56026 0.00642 -1.42522 0.01853 0.36714 0.00677 -0.61060 0.01083 -1.96868 0.00368 -3.95416 0.01777 -2.16179 0.00426 -3.13953 0.00947 -1.98548 0.01808 -0.19311 0.00543 -1.17085 0.01005 1.79237 0.01821 0.81463 0.02008 -0.97774 0.01028
2460492.4174537 0.71293 0.00316 -0.60578 0.00426 -2.57476 0.01682 -0.80914 0.00452 -1.76815 0.00914 0.54855 0.00631 -1.42043 0.01745 0.34520 0.00650 -0.61382 0.01026 -1.96943 0.00375 -3.93841 0.01670 -2.17278 0.00405 -3.13180 0.00892 -1.96898 0.01705 -0.20335 0.00532 -1.16237 0.00956 1.76563 0.01712 0.80661 0.01887 -0.95902 0.00968
2460492.4196412 0.73192 0.00324 -0.59026 0.00423 -2.60351 0.01772 -0.77854 0.00452 -1.75958 0.00907 0.56085 0.00638 -1.45241 0.01835 0.37256 0.00657 -0.60847 0.01025 -1.97443 0.00368 -3.98769 0.01759 -2.16271 0.00400 -3.14375 0.00883 -2.01326 0.01791 -0.18829 0.00524 -1.16932 0.00945 1.82497 0.01798 0.84393 0.01963 -0.98104 0.00958
2460492.4210880 0.72952 0.00327 -0.59456 0.00424 -2.57901 0.01761 -0.78102 0.00465 -1.76043 0.00938 0.55442 0.00640 -1.43004 0.01825 0.36796 0.00667 -0.61145 0.01053 -1.97590 0.00367 -3.96035 0.01748 -2.16236 0.00413 -3.14177 0.00913 -1.98445 0.01780 -0.18646 0.00533 -1.16587 0.00973 1.79799 0.01790 0.81858 0.01966 -0.97941 0.00991
2460492.4225347 0.73870 0.00321 -0.59075 0.00428 -2.56086 0.01701 -0.78685 0.00469 -1.77034 0.00907 0.55688 0.00634 -1.41323 0.01764 0.36078 0.00661 -0.62271 0.01020 -1.98202 0.00374 -3.95213 0.01688 -2.17812 0.00419 -3.16160 0.00882 -1.97010 0.01723 -0.19609 0.00543 -1.17958 0.00947 1.77401 0.01733 0.79052 0.01899 -0.98349 0.00966
2460492.4239815 0.74463 0.00334 -0.56238 0.00428 -2.60868 0.01869 -0.76383 0.00469 -1.74842 0.00950 0.57781 0.00661 -1.46848 0.01935 0.37637 0.00688 -0.60823 0.01075 -1.95944 0.00371 -4.00574 0.01856 -2.16088 0.00417 -3.14548 0.00925 -2.04630 0.01887 -0.20144 0.00538 -1.18604 0.00986 1.84485 0.01897 0.86026 0.02069 -0.98460 0.01004
2460492.4254282 0.76083 0.00332 -0.56388 0.00435 -2.51024 0.01749 -0.75501 0.00464 -1.75496 0.00969 0.54710 0.00651 -1.39925 0.01815 0.35597 0.00671 -0.64398 0.01083 -1.97587 0.00378 -3.92222 0.01736 -2.16700 0.00411 -3.16695 0.00945 -1.94635 0.01770 -0.19113 0.00538 -1.19108 0.01006 1.75522 0.01777 0.75528 0.01970 -0.99995 0.01019
2460492.4268866 0.78418 0.00345 -0.53729 0.00448 -2.53138 0.01830 -0.73441 0.00489 -1.71263 0.00969 0.57357 0.00678 -1.42052 0.01900 0.37645 0.00706 -0.60177 0.01094 -1.97488 0.00388 -3.96897 0.01817 -2.17200 0.00434 -3.15022 0.00942 -1.99409 0.01851 -0.19712 0.00562 -1.17534 0.01008 1.79697 0.01861 0.81875 0.02041 -0.97822 0.01026
2460492.4283333 0.79313 0.00349 -0.53467 0.00457 -2.52134 0.01908 -0.72275 0.00500 -1.72544 0.01008 0.56012 0.00679 -1.42655 0.01973 0.37204 0.00709 -0.63065 0.01126 -1.98053 0.00393 -3.96720 0.01894 -2.16861 0.00443 -3.17130 0.00981 -1.98667 0.01928 -0.18809 0.00572 -1.19078 0.01046 1.79858 0.01939 0.79590 0.02127 -1.00269 0.01065
2460492.4297801 0.80160 0.00363 -0.52180 0.00470 -2.58128 0.02027 -0.71675 0.00511 -1.69207 0.01008 0.56127 0.00709 -1.49821 0.02096 0.36633 0.00737 -0.60899 0.01140 -1.97582 0.00403 -4.03530 0.02013 -2.17076 0.00451 -3.14608 0.00979 -2.05948 0.02047 -0.19494 0.00585 -1.17026 0.01047 1.86453 0.02057 0.88921 0.02233 -0.97532 0.01067
2460492.4312384 0.80989 0.00351 -0.50240 0.00447 -2.54595 0.01984 -0.71347 0.00495 -1.67711 0.00958 0.58076 0.00686 -1.46279 0.02051 0.36970 0.00719 -0.59394 0.01091 -1.96551 0.00383 -4.00906 0.01970 -2.17658 0.00439 -3.14021 0.00930 -2.04355 0.02002 -0.21107 0.00562 -1.17470 0.00994 1.83248 0.02013 0.86885 0.02174 -0.96364 0.01017
2460492.4326852 0.81306 0.00350 -0.50155 0.00453 -2.48743 0.01879 -0.70416 0.00497 -1.68065 0.00993 0.58234 0.00668 -1.40354 0.01942 0.37973 0.00699 -0.59676 0.01108 -1.96819 0.00386 -3.95407 0.01864 -2.17081 0.00437 -3.14729 0.00964 -1.98588 0.01897 -0.20261 0.00563 -1.17910 0.01027 1.78327 0.01908 0.80678 0.02093 -0.97649 0.01047
2460492.4341319 0.82215 0.00343 -0.50783 0.00449 -2.49877 0.01828 -0.69624 0.00484 -1.67286 0.00966 0.56337 0.00665 -1.42757 0.01892 0.37496 0.00689 -0.60166 0.01083 -1.98323 0.00387 -3.97417 0.01814 -2.17164 0.00427 -3.14826 0.00939 -1.99095 0.01848 -0.18841 0.00556 -1.16503 0.01004 1.80253 0.01857 0.82591 0.02037 -0.97662 0.01021
2460492.4355903 0.82632 0.00343 -0.49898 0.00453 -2.50846 0.01942 -0.69595 0.00497 -1.66441 0.00970 0.55699 0.00659 -1.45249 0.02000 0.36002 0.00691 -0.60843 0.01082 -1.97748 0.00389 -3.98696 0.01928 -2.17446 0.00440 -3.14291 0.00942 -2.00948 0.01961 -0.19697 0.00568 -1.16543 0.01008 1.81251 0.01971 0.84405 0.02140 -0.96846 0.01029
2460492.4384838 0.81831 0.00345 -0.50352 0.00453 -2.46685 0.01797 -0.68216 0.00490 -1.66297 0.00954 0.54638 0.00663 -1.41695 0.01861 0.36774 0.00689 -0.61307 0.01070 -1.97265 0.00390 -3.93598 0.01782 -2.15129 0.00432 -3.13209 0.00926 -1.96333 0.01818 -0.17864 0.00561 -1.15945 0.00993 1.78469 0.01827 0.80388 0.02002 -0.98081 0.01010
2460492.4399306 0.83441 0.00351 -0.48244 0.00453 -2.49756 0.01880 -0.67375 0.00490 -1.67632 0.01009 0.56047 0.00667 -1.45465 0.01943 0.36916 0.00692 -0.63341 0.01122 -1.96855 0.00385 -3.98367 0.01865 -2.15986 0.00428 -3.16243 0.00981 -2.01512 0.01899 -0.19131 0.00555 -1.19388 0.01043 1.82381 0.01908 0.82124 0.02102 -1.00257 0.01059
2460492.4428356 0.83385 0.00348 -0.48122 0.00442 -2.48240 0.01820 -0.67411 0.00477 -1.65781 0.00959 0.56864 0.00658 -1.43254 0.01884 0.37576 0.00681 -0.60795 0.01075 -1.96740 0.00374 -3.96857 0.01805 -2.16028 0.00414 -3.14399 0.00929 -2.00118 0.01837 -0.19289 0.00537 -1.17659 0.00990 1.80829 0.01846 0.82459 0.02024 -0.98370 0.01006
2460492.4442824 0.83142 0.00352 -0.47824 0.00449 -2.50800 0.01841 -0.68599 0.00480 -1.65042 0.00955 0.57617 0.00678 -1.45359 0.01910 0.36842 0.00698 -0.59601 0.01082 -1.96219 0.00382 -3.99194 0.01826 -2.16993 0.00418 -3.13436 0.00926 -2.02975 0.01860 -0.20775 0.00546 -1.17218 0.00990 1.82201 0.01868 0.85758 0.02042 -0.96443 0.01005
2460492.4457292 0.82852 0.00343 -0.48177 0.00440 -2.49379 0.01819 -0.67880 0.00478 -1.67857 0.00971 0.56559 0.00657 -1.44644 0.01883 0.36855 0.00682 -0.63122 0.01086 -1.96185 0.00375 -3.97387 0.01804 -2.15888 0.00419 -3.15866 0.00943 -2.01202 0.01837 -0.19703 0.00542 -1.19680 0.01004 1.81499 0.01846 0.81522 0.02031 -0.99977 0.01021
2460492.4486227 0.83587 0.00348 -0.48043 0.00437 -2.51329 0.01856 -0.68208 0.00481 -1.66720 0.00959 0.57552 0.00654 -1.45735 0.01919 0.37386 0.00684 -0.61125 0.01075 -1.96940 0.00367 -4.00226 0.01841 -2.17105 0.00419 -3.15617 0.00929 -2.03287 0.01871 -0.20165 0.00536 -1.18677 0.00988 1.83121 0.01882 0.84610 0.02057 -0.98512 0.01008
2460492.4500694 0.84180 0.00344 -0.48407 0.00447 -2.47192 0.01817 -0.67967 0.00490 -1.64240 0.00938 0.56523 0.00653 -1.42263 0.01879 0.36962 0.00683 -0.59311 0.01052 -1.97890 0.00380 -3.96676 0.01802 -2.17451 0.00430 -3.13724 0.00908 -1.98785 0.01835 -0.19560 0.00554 -1.15833 0.00973 1.79225 0.01846 0.82952 0.02012 -0.96273 0.00993
2460492.4515162 0.82204 0.00341 -0.50089 0.00438 -2.50455 0.01811 -0.69254 0.00476 -1.65879 0.00966 0.57155 0.00648 -1.43211 0.01873 0.37990 0.00675 -0.58635 0.01078 -1.97628 0.00373 -3.97994 0.01796 -2.16793 0.00417 -3.13419 0.00938 -2.00366 0.01828 -0.19165 0.00540 -1.15790 0.00998 1.81201 0.01838 0.84576 0.02021 -0.96625 0.01016
2460492.4529630 0.82486 0.00333 -0.49723 0.00432 -2.49679 0.01752 -0.69367 0.00476 -1.65193 0.00922 0.56959 0.00631 -1.42997 0.01811 0.37314 0.00662 -0.58512 0.01031 -1.97517 0.00369 -3.97473 0.01738 -2.17162 0.00419 -3.12988 0.00895 -1.99956 0.01770 -0.19645 0.00539 -1.15471 0.00956 1.80311 0.01781 0.84485 0.01949 -0.95826 0.00977
2460492.4544097 0.82318 0.00334 -0.49697 0.00431 -2.52613 0.01797 -0.69937 0.00474 -1.66168 0.00940 0.57574 0.00632 -1.45341 0.01856 0.37335 0.00662 -0.58896 0.01048 -1.97365 0.00366 -4.00281 0.01783 -2.17605 0.00416 -3.13836 0.00912 -2.02916 0.01814 -0.20240 0.00535 -1.16471 0.00972 1.82676 0.01825 0.86445 0.01997 -0.96231 0.00992
2460492.4558565 0.82726 0.00339 -0.49398 0.00428 -2.47759 0.01728 -0.69794 0.00469 -1.66850 0.00881 0.57429 0.00633 -1.40932 0.01790 0.37033 0.00662 -0.60023 0.00997 -1.97469 0.00361 -3.95830 0.01712 -2.17865 0.00409 -3.14922 0.00851 -1.98361 0.01744 -0.20396 0.00525 -1.17452 0.00912 1.77965 0.01754 0.80909 0.01906 -0.97056 0.00932
2460492.4573148 0.81413 0.00336 -0.51324 0.00433 -2.53349 0.01782 -0.71008 0.00472 -1.64806 0.00905 0.56004 0.00632 -1.46021 0.01841 0.36320 0.00660 -0.57478 0.01015 -1.98005 0.00368 -4.00030 0.01767 -2.17689 0.00413 -3.11487 0.00875 -2.02025 0.01799 -0.19684 0.00533 -1.13482 0.00938 1.82341 0.01809 0.88543 0.01967 -0.93798 0.00956
2460492.4587616 0.81450 0.00340 -0.51826 0.00442 -2.51308 0.01765 -0.70012 0.00472 -1.67955 0.00959 0.55912 0.00655 -1.43571 0.01830 0.37725 0.00676 -0.60217 0.01075 -1.98586 0.00378 -3.98068 0.01750 -2.16772 0.00413 -3.14715 0.00932 -1.99483 0.01785 -0.18186 0.00540 -1.16129 0.00995 1.81296 0.01792 0.83353 0.01977 -0.97943 0.01009
2460492.4602199 0.79507 0.00341 -0.52773 0.00435 -2.50456 0.01773 -0.73444 0.00482 -1.67910 0.00956 0.56701 0.00659 -1.40981 0.01841 0.36030 0.00691 -0.58435 0.01076 -1.97571 0.00373 -3.95253 0.01759 -2.18241 0.00427 -3.12707 0.00929 -1.97682 0.01792 -0.20671 0.00547 -1.15137 0.00990 1.77012 0.01804 0.82546 0.01984 -0.94466 0.01012
2460492.4616551 0.80278 0.00343 -0.51261 0.00446 -2.50927 0.01823 -0.72279 0.00484 -1.66814 0.00936 0.56607 0.00661 -1.43059 0.01887 0.35589 0.00687 -0.58946 0.01056 -1.96749 0.00382 -3.96415 0.01809 -2.17767 0.00426 -3.12302 0.00908 -1.99666 0.01842 -0.21018 0.00552 -1.15553 0.00973 1.78648 0.01852 0.84113 0.02018 -0.94535 0.00991
2460492.4631134 0.78548 0.00345 -0.53520 0.00444 -2.54742 0.01895 -0.73967 0.00488 -1.69993 0.00963 0.57284 0.00659 -1.43938 0.01956 0.36837 0.00689 -0.59189 0.01080 -1.97394 0.00379 -3.98617 0.01881 -2.17842 0.00430 -3.13868 0.00935 -2.01222 0.01912 -0.20447 0.00553 -1.16473 0.00998 1.80775 0.01923 0.84749 0.02095 -0.96026 0.01018
2460492.4645486 0.76982 0.00339 -0.55207 0.00444 -2.56249 0.01832 -0.75121 0.00491 -1.71921 0.00952 0.57659 0.00660 -1.43383 0.01896 0.37746 0.00693 -0.59055 0.01070 -1.97564 0.00384 -3.98605 0.01818 -2.17477 0.00437 -3.14277 0.00926 -2.01042 0.01852 -0.19913 0.00562 -1.16714 0.00991 1.81128 0.01864 0.84328 0.02034 -0.96800 0.01013
2460492.4660069 0.75632 0.00330 -0.57313 0.00431 -2.55521 0.01790 -0.76732 0.00465 -1.73686 0.00947 0.55451 0.00640 -1.42757 0.01851 0.36032 0.00663 -0.60922 0.01058 -1.98179 0.00372 -3.96387 0.01777 -2.17598 0.00412 -3.14552 0.00922 -1.98208 0.01809 -0.19419 0.00534 -1.16372 0.00983 1.78789 0.01817 0.81835 0.01996 -0.96953 0.00998
2460492.4674653 0.75115 0.00321 -0.56939 0.00423 -2.58049 0.01688 -0.77732 0.00453 -1.73074 0.00898 0.56696 0.00632 -1.44414 0.01752 0.35902 0.00652 -0.59439 0.01013 -1.97322 0.00368 -3.98432 0.01675 -2.18116 0.00403 -3.13457 0.00873 -2.01110 0.01709 -0.20794 0.00526 -1.16135 0.00936 1.80316 0.01716 0.84975 0.01883 -0.95341 0.00950
2460492.4696528 0.72896 0.00309 -0.59994 0.00410 -2.59093 0.01690 -0.78562 0.00443 -1.75299 0.00869 0.55402 0.00609 -1.43696 0.01749 0.36835 0.00632 -0.59903 0.00979 -1.98115 0.00359 -3.97214 0.01679 -2.16682 0.00396 -3.13420 0.00846 -1.99099 0.01711 -0.18568 0.00515 -1.15305 0.00907 1.80531 0.01719 0.83794 0.01874 -0.96737 0.00923
2460492.4710995 0.73660 0.00306 -0.58745 0.00393 -2.59070 0.01545 -0.77597 0.00427 -1.74074 0.00810 0.57721 0.00596 -1.42603 0.01609 0.38870 0.00619 -0.57608 0.00926 -1.97806 0.00340 -3.98130 0.01533 -2.16657 0.00379 -3.13134 0.00786 -2.00324 0.01564 -0.18851 0.00490 -1.15329 0.00845 1.81473 0.01573 0.84995 0.01717 -0.96477 0.00861
2460492.4740046 0.74391 0.00295 -0.57158 0.00380 -2.59842 0.01516 -0.77639 0.00417 -1.76618 0.00818 0.57883 0.00570 -1.44801 0.01574 0.37402 0.00595 -0.61576 0.00921 -1.96883 0.00328 -3.99567 0.01504 -2.17364 0.00370 -3.16343 0.00795 -2.02684 0.01533 -0.20481 0.00475 -1.19460 0.00849 1.82203 0.01543 0.83224 0.01696 -0.98978 0.00866
2460492.4754630 0.75448 0.00298 -0.56164 0.00379 -2.56835 0.01521 -0.75179 0.00415 -1.71732 0.00801 0.57595 0.00568 -1.43076 0.01578 0.38579 0.00592 -0.57973 0.00906 -1.96924 0.00325 -3.97595 0.01508 -2.15939 0.00366 -3.12492 0.00776 -2.00671 0.01536 -0.19015 0.00470 -1.15568 0.00830 1.81656 0.01546 0.85103 0.01691 -0.96553 0.00847
2460492.4769097 0.76529 0.00297 -0.55625 0.00381 -2.58572 0.01532 -0.75589 0.00416 -1.71753 0.00810 0.56820 0.00569 -1.46127 0.01590 0.36856 0.00593 -0.59308 0.00914 -1.97444 0.00327 -4.00391 0.01520 -2.17408 0.00367 -3.13572 0.00787 -2.02947 0.01549 -0.19964 0.00472 -1.16128 0.00841 1.82983 0.01558 0.86819 0.01706 -0.96164 0.00857
2460492.4783565 0.77346 0.00298 -0.55921 0.00383 -2.53090 0.01498 -0.75459 0.00415 -1.71273 0.00800 0.55385 0.00576 -1.41784 0.01558 0.35847 0.00597 -0.59967 0.00908 -1.98527 0.00331 -3.95696 0.01485 -2.18064 0.00367 -3.13879 0.00776 -1.97169 0.01516 -0.19538 0.00475 -1.15352 0.00833 1.77631 0.01524 0.81817 0.01670 -0.95815 0.00848
2460492.4798148 0.76888 0.00295 -0.55599 0.00380 -2.54718 0.01498 -0.74928 0.00418 -1.70612 0.00809 0.55270 0.00567 -1.43848 0.01556 0.35942 0.00594 -0.59743 0.00912 -1.97660 0.00327 -3.96778 0.01485 -2.16988 0.00371 -3.12673 0.00786 -1.99119 0.01515 -0.19328 0.00475 -1.15013 0.00840 1.79790 0.01525 0.84106 0.01675 -0.95684 0.00858
2460492.4812500 0.79493 0.00292 -0.52879 0.00378 -2.53091 0.01516 -0.73023 0.00411 -1.68913 0.00796 0.56297 0.00555 -1.43916 0.01569 0.36152 0.00578 -0.59738 0.00894 -1.97633 0.00324 -3.97846 0.01503 -2.17778 0.00362 -3.13668 0.00772 -2.00213 0.01532 -0.20144 0.00467 -1.16034 0.00827 1.80068 0.01540 0.84178 0.01685 -0.95890 0.00842
2460492.4827083 0.79143 0.00289 -0.53126 0.00375 -2.55965 0.01502 -0.71463 0.00404 -1.68981 0.00792 0.54942 0.00550 -1.47896 0.01555 0.36605 0.00570 -0.60913 0.00888 -1.97388 0.00323 -4.00226 0.01490 -2.15725 0.00355 -3.13243 0.00768 -2.02838 0.01519 -0.18337 0.00461 -1.15855 0.00822 1.84501 0.01526 0.86984 0.01671 -0.97518 0.00836
2460492.4841551 0.80448 0.00290 -0.52317 0.00377 -2.54101 0.01454 -0.71488 0.00403 -1.68677 0.00789 0.56079 0.00546 -1.45705 0.01507 0.36909 0.00565 -0.60281 0.00883 -1.98043 0.00323 -3.99826 0.01441 -2.17213 0.00353 -3.14403 0.00765 -2.01783 0.01470 -0.19170 0.00459 -1.16360 0.00819 1.82613 0.01478 0.85423 0.01626 -0.97190 0.00832
2460492.4856019 0.80508 0.00292 -0.52212 0.00374 -2.52212 0.01440 -0.71272 0.00406 -1.68025 0.00788 0.56112 0.00550 -1.43888 0.01496 0.37052 0.00572 -0.59701 0.00885 -1.97997 0.00320 -3.97997 0.01427 -2.17057 0.00356 -3.13810 0.00764 -2.00000 0.01456 -0.19060 0.00459 -1.15813 0.00817 1.80940 0.01465 0.84187 0.01613 -0.96753 0.00832
2460492.4870486 0.81249 0.00296 -0.50615 0.00380 -2.50038 0.01461 -0.69634 0.00414 -1.67595 0.00803 0.57154 0.00561 -1.42270 0.01518 0.38134 0.00585 -0.59827 0.00903 -1.97158 0.00325 -3.96582 0.01448 -2.16178 0.00365 -3.14139 0.00779 -1.99424 0.01477 -0.19020 0.00469 -1.16980 0.00833 1.80404 0.01487 0.82443 0.01638 -0.97961 0.00849
2460492.4884954 0.81087 0.00295 -0.51404 0.00382 -2.50839 0.01453 -0.69351 0.00414 -1.68713 0.00810 0.56191 0.00555 -1.43245 0.01508 0.38244 0.00578 -0.61118 0.00905 -1.97753 0.00326 -3.97188 0.01440 -2.15699 0.00363 -3.15062 0.00786 -1.99435 0.01470 -0.17947 0.00469 -1.17309 0.00840 1.81489 0.01479 0.82126 0.01635 -0.99362 0.00855
2460492.4906829 0.83284 0.00291 -0.49080 0.00373 -2.47705 0.01423 -0.68664 0.00400 -1.64494 0.00758 0.56708 0.00546 -1.41917 0.01478 0.37124 0.00564 -0.58706 0.00857 -1.97664 0.00317 -3.96289 0.01409 -2.17248 0.00348 -3.13078 0.00732 -1.98625 0.01438 -0.19584 0.00452 -1.15414 0.00787 1.79041 0.01446 0.83211 0.01583 -0.95830 0.00800
2460492.4921412 0.82785 0.00289 -0.50147 0.00372 -2.47232 0.01394 -0.69285 0.00402 -1.65395 0.00758 0.55773 0.00540 -1.41313 0.01448 0.36634 0.00561 -0.59476 0.00853 -1.98196 0.00316 -3.95282 0.01380 -2.17335 0.00351 -3.13445 0.00732 -1.97085 0.01410 -0.19139 0.00454 -1.15248 0.00787 1.77947 0.01418 0.81837 0.01557 -0.96110 0.00801
2460492.4935995 0.81870 0.00290 -0.50832 0.00369 -2.51222 0.01441 -0.70715 0.00408 -1.67949 0.00756 0.56219 0.00540 -1.44171 0.01495 0.36336 0.00568 -0.60898 0.00853 -1.97987 0.00312 -3.98377 0.01428 -2.17870 0.00358 -3.15105 0.00730 -2.00390 0.01456 -0.19883 0.00456 -1.17117 0.00783 1.80507 0.01466 0.83273 0.01599 -0.97234 0.00803
2460492.4950463 0.82287 0.00286 -0.50186 0.00372 -2.49677 0.01415 -0.68809 0.00401 -1.66845 0.00765 0.56639 0.00539 -1.42852 0.01468 0.38016 0.00559 -0.60021 0.00858 -1.97776 0.00319 -3.97268 0.01402 -2.16399 0.00352 -3.14436 0.00740 -1.99492 0.01432 -0.18623 0.00456 -1.16660 0.00795 1.80869 0.01439 0.82832 0.01580 -0.98037 0.00809
2460492.4964931 0.84055 0.00288 -0.48407 0.00368 -2.50465 0.01443 -0.67389 0.00399 -1.66613 0.00757 0.56745 0.00533 -1.45312 0.01494 0.37763 0.00555 -0.61461 0.00850 -1.97775 0.00311 -3.99832 0.01430 -2.16756 0.00348 -3.15981 0.00731 -2.02057 0.01457 -0.18982 0.00448 -1.18206 0.00783 1.83075 0.01465 0.83851 0.01600 -0.99224 0.00799
2460492.4979514 0.83119 0.00293 -0.48939 0.00372 -2.50836 0.01470 -0.67475 0.00404 -1.64913 0.00749 0.56996 0.00540 -1.44900 0.01521 0.38460 0.00563 -0.58977 0.00845 -1.97356 0.00314 -3.99252 0.01456 -2.15892 0.00352 -3.13329 0.00721 -2.01897 0.01483 -0.18536 0.00452 -1.15974 0.00775 1.83361 0.01492 0.85923 0.01619 -0.97438 0.00791
2460492.4993866 0.84421 0.00294 -0.48389 0.00373 -2.48863 0.01425 -0.67269 0.00412 -1.64972 0.00768 0.56464 0.00546 -1.44010 0.01480 0.37584 0.00573 -0.60118 0.00865 -1.98129 0.00315 -3.98603 0.01411 -2.17009 0.00361 -3.14712 0.00742 -2.00473 0.01440 -0.18880 0.00460 -1.16582 0.00795 1.81594 0.01451 0.83891 0.01589 -0.97702 0.00814
2460492.5008449 0.84252 0.00291 -0.48613 0.00375 -2.46402 0.01384 -0.68541 0.00406 -1.64664 0.00771 0.55904 0.00538 -1.41885 0.01437 0.35977 0.00560 -0.60147 0.00862 -1.98135 0.00318 -3.95924 0.01370 -2.18063 0.00354 -3.14186 0.00745 -1.97789 0.01400 -0.19928 0.00457 -1.16051 0.00799 1.77861 0.01408 0.81738 0.01553 -0.96124 0.00814
2460492.5023032 0.84417 0.00293 -0.47909 0.00375 -2.48626 0.01516 -0.67936 0.00416 -1.64907 0.00786 0.56937 0.00550 -1.43779 0.01568 0.36911 0.00578 -0.60061 0.00883 -1.97644 0.00319 -3.98360 0.01503 -2.17670 0.00366 -3.14642 0.00760 -2.00716 0.01531 -0.20026 0.00467 -1.16998 0.00814 1.80690 0.01541 0.83719 0.01679 -0.96971 0.00833
2460492.5037500 0.84524 0.00295 -0.47515 0.00376 -2.49657 0.01489 -0.65954 0.00405 -1.63709 0.00763 0.56260 0.00543 -1.45882 0.01540 0.37821 0.00564 -0.59934 0.00859 -1.97264 0.00317 -3.99406 0.01475 -2.15703 0.00351 -3.13458 0.00737 -2.02142 0.01503 -0.18439 0.00454 -1.16194 0.00790 1.83703 0.01511 0.85948 0.01643 -0.97755 0.00805
2460492.5051968 0.84860 0.00295 -0.47925 0.00382 -2.47933 0.01450 -0.66619 0.00415 -1.65795 0.00805 0.56401 0.00547 -1.43606 0.01502 0.37708 0.00571 -0.61468 0.00895 -1.98096 0.00323 -3.98103 0.01436 -2.16789 0.00362 -3.15966 0.00779 -2.00007 0.01466 -0.18693 0.00467 -1.17870 0.00833 1.81314 0.01475 0.82138 0.01628 -0.99176 0.00849
2460492.5066435 0.84715 0.00292 -0.48044 0.00376 -2.49481 0.01464 -0.67042 0.00411 -1.65200 0.00757 0.56018 0.00540 -1.45419 0.01515 0.37021 0.00565 -0.61137 0.00851 -1.98030 0.00318 -3.99468 0.01451 -2.17028 0.00359 -3.15186 0.00731 -2.01437 0.01479 -0.18998 0.00461 -1.17156 0.00786 1.82440 0.01488 0.84282 0.01619 -0.98158 0.00803
2460492.5080903 0.83031 0.00289 -0.49667 0.00372 -2.48908 0.01465 -0.68372 0.00399 -1.66749 0.00770 0.56275 0.00545 -1.42966 0.01518 0.37570 0.00563 -0.60807 0.00867 -1.97988 0.00318 -3.97229 0.01452 -2.16693 0.00349 -3.15070 0.00746 -1.99241 0.01481 -0.18705 0.00453 -1.17082 0.00800 1.80536 0.01487 0.82159 0.01627 -0.98377 0.00812
2460492.5095255 0.83158 0.00288 -0.50614 0.00370 -2.49064 0.01413 -0.68277 0.00407 -1.67234 0.00779 0.54843 0.00530 -1.43607 0.01463 0.37180 0.00556 -0.61777 0.00867 -1.99027 0.00314 -3.97478 0.01399 -2.16691 0.00356 -3.15648 0.00754 -1.98451 0.01428 -0.17663 0.00456 -1.16621 0.00806 1.80787 0.01438 0.81830 0.01584 -0.98957 0.00823
2460492.5117245 0.81773 0.00284 -0.51095 0.00370 -2.54411 0.01467 -0.69182 0.00392 -1.67137 0.00764 0.57027 0.00531 -1.46289 0.01515 0.38940 0.00547 -0.59015 0.00854 -1.98247 0.00316 -4.01563 0.01454 -2.16334 0.00342 -3.14289 0.00740 -2.03316 0.01482 -0.18087 0.00446 -1.16042 0.00794 1.85229 0.01488 0.87274 0.01626 -0.97955 0.00804
2460492.5131713 0.80599 0.00285 -0.51934 0.00363 -2.52351 0.01395 -0.71391 0.00391 -1.68826 0.00755 0.56568 0.00534 -1.43849 0.01449 0.37111 0.00554 -0.60325 0.00850 -1.97835 0.00309 -3.98252 0.01382 -2.17292 0.00342 -3.14728 0.00730 -2.00416 0.01410 -0.19457 0.00442 -1.16892 0.00782 1.80960 0.01417 0.83524 0.01557 -0.97436 0.00796
2460492.5146296 0.78932 0.00287 -0.53364 0.00369 -2.54302 0.01428 -0.72578 0.00399 -1.70858 0.00738 0.57682 0.00546 -1.43256 0.01483 0.38469 0.00567 -0.59811 0.00840 -1.97682 0.00316 -3.98620 0.01415 -2.16896 0.00351 -3.15176 0.00713 -2.00938 0.01444 -0.19214 0.00454 -1.17494 0.00769 1.81724 0.01452 0.83444 0.01579 -0.98280 0.00784
2460492.5160648 0.76724 0.00284 -0.55222 0.00367 -2.56287 0.01444 -0.74338 0.00395 -1.73006 0.00762 0.56378 0.00539 -1.44688 0.01497 0.37261 0.00559 -0.61407 0.00858 -1.97173 0.00315 -3.98239 0.01432 -2.16290 0.00348 -3.14958 0.00738 -2.01066 0.01460 -0.19117 0.00450 -1.17784 0.00792 1.81949 0.01468 0.83281 0.01606 -0.98668 0.00805
2460492.5175231 0.75312 0.00282 -0.57856 0.00363 -2.59725 0.01445 -0.75869 0.00395 -1.73722 0.00792 0.57067 0.00540 -1.44802 0.01499 0.39054 0.00562 -0.58799 0.00887 -1.98578 0.00313 -4.00448 0.01433 -2.16591 0.00350 -3.14444 0.00770 -2.01870 0.01461 -0.18013 0.00450 -1.15867 0.00821 1.83856 0.01469 0.86003 0.01622 -0.97853 0.00836
2460492.5189699 0.71975 0.00282 -0.60288 0.00364 -2.59937 0.01464 -0.78769 0.00396 -1.77223 0.00791 0.56673 0.00546 -1.42976 0.01520 0.38192 0.00567 -0.60262 0.00889 -1.97549 0.00316 -3.97199 0.01453 -2.16030 0.00352 -3.14485 0.00770 -1.99650 0.01481 -0.18481 0.00454 -1.16936 0.00822 1.81168 0.01489 0.82714 0.01639 -0.98454 0.00836
2460492.5204282 0.71382 0.00286 -0.61584 0.00375 -2.62037 0.01458 -0.79864 0.00406 -1.79476 0.00793 0.55597 0.00557 -1.44856 0.01515 0.37317 0.00578 -0.62295 0.00894 -1.98216 0.00327 -3.98669 0.01446 -2.16496 0.00361 -3.16108 0.00771 -2.00454 0.01477 -0.18280 0.00468 -1.17893 0.00827 1.82173 0.01485 0.82561 0.01633 -0.99612 0.00841
2460492.5218750 0.71342 0.00288 -0.62317 0.00376 -2.61320 0.01493 -0.80291 0.00409 -1.77103 0.00811 0.55522 0.00561 -1.43481 0.01550 0.37548 0.00583 -0.59264 0.00912 -1.98968 0.00328 -3.97972 0.01482 -2.16943 0.00364 -3.13755 0.00790 -1.99003 0.01511 -0.17974 0.00471 -1.14786 0.00844 1.81029 0.01520 0.84217 0.01674 -0.96812 0.00859
2460492.5233218 0.70944 0.00285 -0.61261 0.00378 -2.59837 0.01498 -0.80271 0.00406 -1.79169 0.00790 0.57368 0.00556 -1.41208 0.01553 0.38358 0.00575 -0.60540 0.00889 -1.97552 0.00330 -3.96129 0.01487 -2.16562 0.00361 -3.15460 0.00768 -1.98576 0.01517 -0.19010 0.00470 -1.17908 0.00825 1.79566 0.01524 0.80668 0.01668 -0.98898 0.00838
2460492.5247685 0.71438 0.00286 -0.61370 0.00378 -2.62785 0.01508 -0.79781 0.00403 -1.77811 0.00808 0.56260 0.00558 -1.45155 0.01563 0.37849 0.00575 -0.60182 0.00907 -1.98107 0.00330 -3.99522 0.01497 -2.16518 0.00358 -3.14548 0.00787 -2.01415 0.01527 -0.18411 0.00467 -1.16441 0.00842 1.83004 0.01533 0.84973 0.01686 -0.98031 0.00854
2460492.5262153 0.71912 0.00288 -0.59909 0.00369 -2.58636 0.01520 -0.78568 0.00408 -1.79190 0.00835 0.57248 0.00555 -1.41479 0.01576 0.38589 0.00581 -0.62033 0.00932 -1.97121 0.00318 -3.95848 0.01509 -2.15780 0.00363 -3.16402 0.00813 -1.98727 0.01536 -0.18659 0.00464 -1.19281 0.00863 1.80068 0.01546 0.79446 0.01709 -1.00622 0.00881
2460492.5276620 0.73374 0.00287 -0.59459 0.00375 -2.61112 0.01454 -0.77882 0.00408 -1.76547 0.00826 0.55905 0.00558 -1.45748 0.01512 0.37482 0.00581 -0.61183 0.00924 -1.98101 0.00326 -3.99754 0.01443 -2.16524 0.00364 -3.15189 0.00805 -2.01653 0.01473 -0.18423 0.00470 -1.17088 0.00858 1.83230 0.01482 0.84565 0.01646 -0.98665 0.00873
2460492.5291088 0.74550 0.00288 -0.57702 0.00372 -2.59012 0.01509 -0.76662 0.00409 -1.75091 0.00782 0.57538 0.00548 -1.43772 0.01562 0.38578 0.00574 -0.59851 0.00880 -1.97620 0.00319 -3.98930 0.01497 -2.16580 0.00363 -3.15009 0.00759 -2.01310 0.01525 -0.18959 0.00464 -1.17389 0.00812 1.82350 0.01534 0.83921 0.01673 -0.98430 0.00830
2460492.5305556 0.75748 0.00288 -0.56903 0.00376 -2.54533 0.01414 -0.75520 0.00406 -1.74475 0.00825 0.55797 0.00547 -1.41833 0.01469 0.37179 0.00568 -0.61775 0.00916 -1.97890 0.00323 -3.95520 0.01401 -2.16508 0.00358 -3.15462 0.00802 -1.97630 0.01432 -0.18618 0.00463 -1.17572 0.00855 1.79013 0.01440 0.80058 0.01609 -0.98955 0.00868
2460492.5327546 0.77329 0.00289 -0.54902 0.00378 -2.55476 0.01489 -0.73242 0.00409 -1.72017 0.00784 0.56640 0.00552 -1.43933 0.01543 0.38300 0.00574 -0.60475 0.00881 -1.97511 0.00326 -3.98084 0.01477 -2.15851 0.00362 -3.14626 0.00760 -2.00573 0.01506 -0.18340 0.00468 -1.17115 0.00816 1.82233 0.01514 0.83459 0.01655 -0.98775 0.00831
2460492.5342014 0.78279 0.00297 -0.54218 0.00384 -2.53174 0.01402 -0.73193 0.00413 -1.71073 0.00805 0.56911 0.00570 -1.42045 0.01465 0.37936 0.00590 -0.59944 0.00909 -1.97829 0.00330 -3.96785 0.01389 -2.16803 0.00364 -3.14683 0.00781 -1.98956 0.01421 -0.18975 0.00472 -1.16855 0.00837 1.79981 0.01429 0.82101 0.01587 -0.97880 0.00850
2460492.5356366 0.79701 0.00294 -0.53505 0.00384 -2.52216 0.01530 -0.71938 0.00409 -1.71164 0.00823 0.55120 0.00559 -1.43591 0.01583 0.36687 0.00577 -0.62539 0.00918 -1.98434 0.00329 -3.97145 0.01518 -2.16867 0.00359 -3.16093 0.00799 -1.98712 0.01547 -0.18433 0.00468 -1.17660 0.00853 1.80278 0.01554 0.81052 0.01710 -0.99226 0.00865
2460492.5370949 0.81296 0.00297 -0.51839 0.00387 -2.54669 0.01596 -0.69352 0.00414 -1.68175 0.00794 0.55300 0.00560 -1.47530 0.01646 0.37786 0.00579 -0.61036 0.00891 -1.98373 0.00331 -4.01203 0.01583 -2.15887 0.00362 -3.14709 0.00768 -2.02830 0.01611 -0.17513 0.00472 -1.16336 0.00826 1.85316 0.01618 0.86494 0.01754 -0.98823 0.00839
2460492.5385417 0.82572 0.00297 -0.49474 0.00381 -2.50981 0.01523 -0.68641 0.00415 -1.65647 0.00774 0.57854 0.00561 -1.43653 0.01578 0.38687 0.00585 -0.58318 0.00877 -1.97425 0.00324 -3.98932 0.01510 -2.16592 0.00363 -3.13597 0.00748 -2.01507 0.01539 -0.19167 0.00468 -1.16172 0.00804 1.82340 0.01547 0.85335 0.01680 -0.97005 0.00820
2460492.5399884 0.82835 0.00297 -0.49560 0.00377 -2.45941 0.01419 -0.70085 0.00410 -1.67715 0.00790 0.56820 0.00554 -1.39561 0.01476 0.36294 0.00578 -0.61336 0.00889 -1.97708 0.00319 -3.94089 0.01404 -2.18233 0.00358 -3.15863 0.00764 -1.96381 0.01434 -0.20526 0.00460 -1.18155 0.00817 1.75855 0.01443 0.78226 0.01593 -0.97630 0.00833
2460492.5414352 0.82352 0.00294 -0.49308 0.00374 -2.48568 0.01503 -0.68519 0.00405 -1.65611 0.00785 0.57407 0.00552 -1.41853 0.01557 0.38196 0.00574 -0.58896 0.00884 -1.96960 0.00318 -3.96220 0.01490 -2.16171 0.00354 -3.13263 0.00760 -1.99260 0.01518 -0.19211 0.00457 -1.16303 0.00813 1.80049 0.01526 0.82957 0.01667 -0.97092 0.00828
2460492.5428935 0.83882 0.00293 -0.48026 0.00373 -2.46799 0.01442 -0.67734 0.00410 -1.64510 0.00774 0.56917 0.00545 -1.41857 0.01496 0.37209 0.00571 -0.59568 0.00870 -1.97183 0.00315 -3.95957 0.01428 -2.16891 0.00358 -3.13667 0.00748 -1.98773 0.01457 -0.19708 0.00458 -1.16484 0.00801 1.79065 0.01466 0.82289 0.01607 -0.96776 0.00819
2460492.5443403 0.84452 0.00291 -0.47527 0.00369 -2.48947 0.01445 -0.67419 0.00407 -1.64041 0.00773 0.56891 0.00539 -1.44529 0.01497 0.36999 0.00565 -0.59623 0.00867 -1.97260 0.00311 -3.98680 0.01431 -2.17152 0.00355 -3.13774 0.00747 -2.01420 0.01459 -0.19892 0.00454 -1.16514 0.00798 1.81528 0.01469 0.84906 0.01609 -0.96622 0.00817
2460492.5457870 0.84786 0.00290 -0.48604 0.00374 -2.46844 0.01432 -0.65963 0.00401 -1.65959 0.00799 0.55599 0.00543 -1.42642 0.01485 0.38239 0.00562 -0.61757 0.00890 -1.98681 0.00319 -3.96921 0.01418 -2.16041 0.00350 -3.16037 0.00774 -1.98240 0.01448 -0.17359 0.00454 -1.17355 0.00827 1.80881 0.01455 0.80885 0.01611 -0.99996 0.00839
2460492.5472222 0.85762 0.00290 -0.46146 0.00372 -2.47786 0.01438 -0.66179 0.00407 -1.66115 0.00820 0.56643 0.00532 -1.44996 0.01487 0.36610 0.00557 -0.63326 0.00904 -1.97158 0.00315 -3.98797 0.01424 -2.17191 0.00355 -3.17126 0.00795 -2.01639 0.01452 -0.20033 0.00455 -1.19969 0.00845 1.81606 0.01462 0.81671 0.01626 -0.99936 0.00861
2460492.5486806 0.85514 0.00291 -0.46787 0.00370 -2.47963 0.01413 -0.66479 0.00402 -1.64202 0.00763 0.56319 0.00539 -1.44856 0.01466 0.36627 0.00562 -0.61096 0.00858 -1.97558 0.00312 -3.98733 0.01399 -2.17249 0.00350 -3.14972 0.00737 -2.01175 0.01427 -0.19692 0.00450 -1.17415 0.00789 1.81483 0.01436 0.83760 0.01575 -0.97723 0.00805
2460492.5501273 0.85535 0.00286 -0.46868 0.00366 -2.50062 0.01448 -0.67000 0.00396 -1.65166 0.00792 0.56684 0.00532 -1.46510 0.01499 0.36552 0.00553 -0.61614 0.00881 -1.97704 0.00310 -4.00898 0.01435 -2.17836 0.00345 -3.16001 0.00767 -2.03194 0.01463 -0.20133 0.00445 -1.18298 0.00818 1.83061 0.01470 0.84896 0.01622 -0.98165 0.00831
2460492.5515741 0.85651 0.00285 -0.46975 0.00363 -2.47431 0.01360 -0.66538 0.00395 -1.62997 0.00766 0.56405 0.00522 -1.44051 0.01411 0.36842 0.00546 -0.59616 0.00853 -1.97922 0.00305 -3.98378 0.01346 -2.17485 0.00343 -3.13944 0.00740 -2.00456 0.01374 -0.19563 0.00441 -1.16021 0.00790 1.80893 0.01383 0.84434 0.01530 -0.96459 0.00806
2460492.5537616 0.85921 0.00283 -0.45259 0.00358 -2.45186 0.01374 -0.65957 0.00397 -1.64217 0.00759 0.58623 0.00514 -1.41304 0.01423 0.37924 0.00541 -0.60335 0.00844 -1.96550 0.00300 -3.96476 0.01360 -2.17248 0.00345 -3.15508 0.00733 -1.99926 0.01387 -0.20698 0.00439 -1.18958 0.00782 1.79228 0.01397 0.80968 0.01540 -0.98260 0.00800
2460492.5552083 0.85797 0.00285 -0.46062 0.00362 -2.48983 0.01416 -0.65432 0.00391 -1.64712 0.00742 0.56258 0.00527 -1.46663 0.01467 0.36888 0.00548 -0.62393 0.00836 -1.97066 0.00306 -3.99988 0.01403 -2.16437 0.00340 -3.15717 0.00717 -2.02921 0.01430 -0.19370 0.00439 -1.18651 0.00769 1.83551 0.01438 0.84271 0.01570 -0.99280 0.00782
2460492.5566667 0.84894 0.00279 -0.48548 0.00358 -2.46024 0.01366 -0.67374 0.00395 -1.64853 0.00751 0.55586 0.00511 -1.41891 0.01414 0.36759 0.00537 -0.60719 0.00835 -1.98737 0.00303 -3.96213 0.01353 -2.17563 0.00345 -3.15042 0.00726 -1.97477 0.01380 -0.18827 0.00441 -1.16305 0.00776 1.78650 0.01390 0.81171 0.01530 -0.97479 0.00794
2460492.5581134 0.85146 0.00283 -0.47887 0.00360 -2.47504 0.01384 -0.66527 0.00387 -1.64021 0.00721 0.56289 0.00526 -1.43328 0.01436 0.37649 0.00545 -0.59845 0.00817 -1.98357 0.00304 -3.97973 0.01370 -2.16997 0.00336 -3.14491 0.00695 -1.99617 0.01398 -0.18640 0.00435 -1.16134 0.00748 1.80976 0.01405 0.83483 0.01531 -0.97494 0.00762
2460492.5595602 0.83663 0.00285 -0.48732 0.00360 -2.48563 0.01377 -0.67715 0.00394 -1.64451 0.00739 0.56802 0.00533 -1.43029 0.01432 0.37819 0.00557 -0.58917 0.00838 -1.97706 0.00305 -3.97538 0.01364 -2.16690 0.00344 -3.13425 0.00714 -1.99832 0.01391 -0.18984 0.00441 -1.15719 0.00766 1.80848 0.01400 0.84113 0.01534 -0.96735 0.00782
2460492.5610069 0.82127 0.00276 -0.49727 0.00358 -2.51526 0.01426 -0.70151 0.00391 -1.66589 0.00744 0.57016 0.00516 -1.44782 0.01474 0.36593 0.00539 -0.59845 0.00832 -1.97135 0.00305 -3.98933 0.01414 -2.17558 0.00343 -3.13996 0.00720 -2.01799 0.01441 -0.20423 0.00441 -1.16862 0.00772 1.81375 0.01449 0.84937 0.01582 -0.96438 0.00787
2460492.5624537 0.81261 0.00280 -0.51225 0.00364 -2.51422 0.01382 -0.70347 0.00395 -1.66778 0.00747 0.55987 0.00525 -1.44211 0.01433 0.36864 0.00546 -0.59567 0.00837 -1.97727 0.00311 -3.97924 0.01369 -2.16850 0.00347 -3.13281 0.00723 -2.00197 0.01398 -0.19123 0.00448 -1.15554 0.00776 1.81075 0.01406 0.84644 0.01543 -0.96431 0.00791
2460492.5639005 0.78548 0.00278 -0.53271 0.00359 -2.55153 0.01421 -0.72156 0.00391 -1.70550 0.00739 0.56309 0.00523 -1.45573 0.01471 0.37424 0.00545 -0.60970 0.00831 -1.97028 0.00307 -3.98909 0.01409 -2.15913 0.00344 -3.14306 0.00715 -2.01882 0.01436 -0.18885 0.00443 -1.17278 0.00767 1.82997 0.01445 0.84603 0.01575 -0.98393 0.00783
2460492.5653472 0.76665 0.00282 -0.55899 0.00356 -2.55725 0.01404 -0.75404 0.00394 -1.74113 0.00780 0.57161 0.00536 -1.42665 0.01460 0.37656 0.00561 -0.61053 0.00876 -1.97926 0.00304 -3.97752 0.01392 -2.17432 0.00347 -3.16140 0.00757 -1.99826 0.01419 -0.19506 0.00443 -1.18214 0.00806 1.80321 0.01428 0.81613 0.01579 -0.98708 0.00823
2460492.5667940 0.75448 0.00279 -0.57574 0.00362 -2.59238 0.01385 -0.77092 0.00401 -1.72131 0.00765 0.56285 0.00533 -1.45379 0.01439 0.36767 0.00560 -0.58271 0.00859 -1.98345 0.00313 -4.00009 0.01373 -2.17863 0.00356 -3.12901 0.00743 -2.01664 0.01402 -0.19518 0.00456 -1.14556 0.00795 1.82146 0.01413 0.87108 0.01556 -0.95038 0.00813
2460492.5682523 0.72585 0.00280 -0.59910 0.00367 -2.57870 0.01453 -0.78583 0.00391 -1.75247 0.00767 0.56515 0.00547 -1.41445 0.01508 0.37842 0.00563 -0.58822 0.00868 -1.97789 0.00319 -3.95749 0.01441 -2.16462 0.00347 -3.13126 0.00746 -1.97960 0.01471 -0.18673 0.00453 -1.15337 0.00801 1.79288 0.01477 0.82623 0.01618 -0.96664 0.00812
2460492.5696991 0.71518 0.00278 -0.61005 0.00359 -2.59755 0.01439 -0.79615 0.00390 -1.79005 0.00772 0.57346 0.00539 -1.41404 0.01494 0.38736 0.00561 -0.60654 0.00870 -1.97899 0.00312 -3.96649 0.01428 -2.16509 0.00347 -3.15899 0.00751 -1.98750 0.01456 -0.18610 0.00448 -1.18000 0.00802 1.80140 0.01464 0.80750 0.01608 -0.99390 0.00817
2460492.5711343 0.69184 0.00280 -0.62481 0.00364 -2.60460 0.01418 -0.81365 0.00395 -1.80875 0.00791 0.57575 0.00551 -1.40404 0.01477 0.38691 0.00572 -0.60819 0.00892 -1.96981 0.00318 -3.94959 0.01407 -2.15864 0.00353 -3.15375 0.00771 -1.97979 0.01436 -0.18883 0.00457 -1.18394 0.00823 1.79095 0.01444 0.79585 0.01598 -0.99510 0.00837
2460492.5725926 0.68919 0.00281 -0.63633 0.00367 -2.59692 0.01426 -0.81886 0.00392 -1.79424 0.00780 0.55934 0.00552 -1.40125 0.01485 0.37681 0.00569 -0.59857 0.00882 -1.97795 0.00321 -3.93854 0.01415 -2.16048 0.00349 -3.13586 0.00759 -1.96059 0.01445 -0.18253 0.00456 -1.15791 0.00814 1.77806 0.01452 0.80268 0.01601 -0.97538 0.00825
2460492.5747685 0.69726 0.00288 -0.63707 0.00375 -2.60134 0.01496 -0.82839 0.00412 -1.79581 0.00799 0.56290 0.00575 -1.40137 0.01558 0.37158 0.00600 -0.59584 0.00910 -1.98795 0.00329 -3.95222 0.01485 -2.17927 0.00370 -3.14669 0.00778 -1.96427 0.01515 -0.19132 0.00477 -1.15874 0.00834 1.77295 0.01525 0.80553 0.01671 -0.96742 0.00852
2460492.5762269 0.70627 0.00288 -0.61580 0.00377 -2.57966 0.01464 -0.81343 0.00413 -1.78826 0.00800 0.55620 0.00562 -1.40766 0.01523 0.35857 0.00587 -0.61626 0.00902 -1.97386 0.00328 -3.93773 0.01452 -2.17149 0.00369 -3.14633 0.00778 -1.96386 0.01483 -0.19763 0.00475 -1.17246 0.00833 1.76623 0.01492 0.79140 0.01642 -0.97483 0.00850
2460492.5776736 0.72328 0.00291 -0.59856 0.00380 -2.57832 0.01527 -0.78328 0.00413 -1.74899 0.00797 0.55777 0.00564 -1.42199 0.01583 0.37305 0.00587 -0.59267 0.00900 -1.97376 0.00329 -3.95352 0.01515 -2.15848 0.00367 -3.12420 0.00775 -1.97976 0.01545 -0.18472 0.00474 -1.15043 0.00831 1.79504 0.01553 0.82933 0.01696 -0.96571 0.00847
2460492.5791204 0.73402 0.00291 -0.58181 0.00383 -2.57204 0.01547 -0.78145 0.00422 -1.73675 0.00810 0.56840 0.00571 -1.42183 0.01604 0.36876 0.00598 -0.58654 0.00914 -1.96820 0.00334 -3.95843 0.01536 -2.16784 0.00378 -3.12314 0.00788 -1.99023 0.01566 -0.19964 0.00486 -1.15495 0.00845 1.79060 0.01576 0.83529 0.01721 -0.95531 0.00864
2460492.5805787 0.75803 0.00299 -0.56332 0.00384 -2.54666 0.01531 -0.76242 0.00422 -1.74415 0.00851 0.56993 0.00582 -1.41341 0.01592 0.37083 0.00607 -0.61090 0.00956 -1.97439 0.00331 -3.95774 0.01519 -2.17349 0.00374 -3.15522 0.00828 -1.98335 0.01549 -0.19910 0.00481 -1.18083 0.00881 1.78425 0.01558 0.80252 0.01725 -0.98173 0.00899
2460492.5820255 0.76724 0.00300 -0.55943 0.00388 -2.52602 0.01512 -0.75299 0.00422 -1.72041 0.00839 0.56837 0.00591 -1.39822 0.01577 0.37482 0.00614 -0.59260 0.00950 -1.98008 0.00336 -3.94667 0.01500 -2.17364 0.00374 -3.14106 0.00816 -1.96659 0.01531 -0.19356 0.00485 -1.16098 0.00873 1.77303 0.01540 0.80561 0.01702 -0.96742 0.00888
2460492.5834606 0.77927 0.00300 -0.52926 0.00383 -2.52511 0.01520 -0.74732 0.00425 -1.70653 0.00843 0.57598 0.00578 -1.41987 0.01580 0.35793 0.00607 -0.60128 0.00947 -1.96093 0.00328 -3.95678 0.01507 -2.17898 0.00377 -3.13820 0.00819 -1.99585 0.01536 -0.21805 0.00482 -1.17727 0.00872 1.77780 0.01547 0.81859 0.01710 -0.95921 0.00892
2460492.5849190 0.78689 0.00306 -0.52563 0.00390 -2.54697 0.01572 -0.72228 0.00429 -1.72049 0.00854 0.58010 0.00589 -1.44124 0.01633 0.38346 0.00615 -0.61475 0.00961 -1.96570 0.00334 -3.98704 0.01559 -2.16234 0.00379 -3.16055 0.00829 -2.02134 0.01589 -0.19665 0.00486 -1.19486 0.00884 1.82469 0.01599 0.82648 0.01761 -0.99821 0.00902
2460492.5863657 0.80350 0.00311 -0.52044 0.00397 -2.49918 0.01594 -0.72145 0.00435 -1.69619 0.00867 0.57486 0.00601 -1.40389 0.01657 0.37384 0.00627 -0.60090 0.00978 -1.97771 0.00340 -3.95645 0.01581 -2.17872 0.00384 -3.15346 0.00842 -1.97874 0.01611 -0.20102 0.00494 -1.17576 0.00898 1.77773 0.01621 0.80298 0.01786 -0.97474 0.00915
2460492.5878125 0.81865 0.00315 -0.49939 0.00403 -2.49123 0.01621 -0.69747 0.00440 -1.66981 0.00882 0.56694 0.00597 -1.42490 0.01680 0.36885 0.00623 -0.60349 0.00986 -1.97048 0.00343 -3.96232 0.01607 -2.16856 0.00386 -3.14090 0.00856 -1.99184 0.01638 -0.19808 0.00497 -1.17043 0.00912 1.79376 0.01647 0.82141 0.01816 -0.97235 0.00929
2460492.5892708 0.82043 0.00322 -0.49095 0.00407 -2.49085 0.01617 -0.69192 0.00434 -1.67253 0.00906 0.57880 0.00620 -1.42110 0.01683 0.37783 0.00638 -0.60278 0.01020 -1.96433 0.00346 -3.96422 0.01603 -2.16529 0.00377 -3.14590 0.00881 -1.99990 0.01634 -0.20097 0.00493 -1.18158 0.00936 1.79893 0.01641 0.81832 0.01823 -0.98061 0.00948
2460492.5907176 0.82594 0.00324 -0.49241 0.00422 -2.50185 0.01680 -0.68976 0.00452 -1.67222 0.00879 0.57655 0.00629 -1.43290 0.01743 0.37919 0.00650 -0.60327 0.00995 -1.97175 0.00362 -3.98119 0.01666 -2.16910 0.00397 -3.15156 0.00852 -2.00944 0.01699 -0.19735 0.00519 -1.17981 0.00915 1.81209 0.01707 0.82963 0.01866 -0.98246 0.00929
2460492.5921644 0.84511 0.00324 -0.47454 0.00417 -2.47355 0.01689 -0.67397 0.00457 -1.65570 0.00920 0.57931 0.00620 -1.41969 0.01750 0.37989 0.00647 -0.60185 0.01028 -1.97344 0.00355 -3.97244 0.01675 -2.17287 0.00401 -3.15460 0.00894 -1.99900 0.01706 -0.19943 0.00517 -1.18116 0.00952 1.79958 0.01717 0.81784 0.01893 -0.98173 0.00970
2460492.5936111 0.84694 0.00323 -0.47112 0.00422 -2.46126 0.01654 -0.67715 0.00454 -1.64834 0.00912 0.56353 0.00617 -1.42662 0.01714 0.35750 0.00639 -0.61369 0.01017 -1.97018 0.00360 -3.96032 0.01639 -2.17621 0.00398 -3.14740 0.00885 -1.99014 0.01673 -0.20603 0.00518 -1.17722 0.00945 1.78411 0.01681 0.81292 0.01858 -0.97119 0.00960
2460492.5957986 0.85538 0.00331 -0.45958 0.00419 -2.46912 0.01696 -0.66630 0.00465 -1.65353 0.00904 0.57202 0.00622 -1.43752 0.01757 0.36530 0.00654 -0.62193 0.01014 -1.96760 0.00353 -3.97713 0.01680 -2.17431 0.00406 -3.16154 0.00875 -2.00954 0.01711 -0.20672 0.00520 -1.19395 0.00933 1.80282 0.01723 0.81559 0.01889 -0.98723 0.00955
2460492.5972454 0.85518 0.00330 -0.46983 0.00424 -2.46726 0.01682 -0.66426 0.00458 -1.65304 0.00929 0.55992 0.00630 -1.43751 0.01746 0.36549 0.00653 -0.62329 0.01039 -1.97745 0.00360 -3.97489 0.01667 -2.17189 0.00399 -3.16066 0.00902 -1.99743 0.01700 -0.19443 0.00519 -1.18321 0.00961 1.80300 0.01709 0.81423 0.01890 -0.98877 0.00976
2460492.5986921 0.85766 0.00332 -0.46440 0.00425 -2.44238 0.01633 -0.65494 0.00458 -1.64738 0.00933 0.57111 0.00635 -1.40687 0.01699 0.38057 0.00657 -0.61187 0.01045 -1.97529 0.00361 -3.95327 0.01617 -2.16583 0.00399 -3.15827 0.00905 -1.97798 0.01651 -0.19054 0.00519 -1.18298 0.00964 1.78744 0.01660 0.79500 0.01848 -0.99244 0.00979
2460492.6001505 0.84417 0.00336 -0.47536 0.00422 99.99999 9.99999 -0.66865 0.00455 -1.64887 0.00954 0.56712 0.00634 99.99999 9.99999 0.37383 0.00656 -0.60638 0.01065 -1.97213 0.00354 99.99999 9.99999 -2.16542 0.00393 -3.14563 0.00926 99.99999 9.99999 -0.19328 0.00510 -1.17350 0.00981 99.99999 9.99999 99.99999 9.99999 -0.98022 0.00996
2460492.6015972 0.85361 0.00329 -0.46955 0.00419 -2.45751 0.01699 -0.65247 0.00451 -1.61956 0.00913 0.56747 0.00635 -1.42049 0.01765 0.38454 0.00657 -0.58255 0.01030 -1.97615 0.00356 -3.96411 0.01685 -2.15907 0.00394 -3.12616 0.00886 -1.98796 0.01716 -0.18293 0.00513 -1.15002 0.00945 1.80503 0.01724 0.83795 0.01898 -0.96709 0.00960
2460492.6030324 0.85794 0.00334 -0.45713 0.00422 -2.48834 0.01788 -0.64358 0.00467 -1.63762 0.00938 0.56346 0.00629 -1.46776 0.01848 0.37700 0.00660 -0.61704 0.01048 -1.96689 0.00355 -3.99810 0.01773 -2.15334 0.00408 -3.14738 0.00910 -2.03121 0.01803 -0.18646 0.00521 -1.18050 0.00966 1.84475 0.01814 0.85072 0.01988 -0.99404 0.00987
2460492.6044792 0.85563 0.00340 -0.46538 0.00428 -2.44189 0.01734 -0.65295 0.00464 -1.62957 0.00913 0.57180 0.00637 -1.40470 0.01797 0.38423 0.00662 -0.59239 0.01028 -1.97421 0.00359 -3.95071 0.01718 -2.16178 0.00401 -3.13839 0.00883 -1.97650 0.01750 -0.18757 0.00519 -1.16419 0.00942 1.78893 0.01759 0.81232 0.01927 -0.97662 0.00959
2460492.6059259 0.84273 0.00335 -0.47669 0.00422 -2.46433 0.01735 -0.66932 0.00462 -1.65648 0.00969 0.56799 0.00643 -1.41965 0.01802 0.37536 0.00669 -0.61179 0.01083 -1.97210 0.00358 -3.95974 0.01721 -2.16473 0.00404 -3.15189 0.00943 -1.98764 0.01752 -0.19263 0.00521 -1.17979 0.00998 1.79501 0.01762 0.80785 0.01957 -0.98716 0.01016
2460492.6073727 0.84541 0.00335 -0.48704 0.00435 -2.47987 0.01755 -0.66577 0.00470 -1.61989 0.00908 0.55667 0.00643 -1.43615 0.01818 0.37795 0.00667 -0.57617 0.01024 -1.98530 0.00371 -3.97812 0.01741 -2.16402 0.00411 -3.11814 0.00880 -1.99283 0.01774 -0.17872 0.00535 -1.13285 0.00944 1.81410 0.01783 0.85998 0.01945 -0.95412 0.00960
2460492.6088310 0.83830 0.00343 -0.49036 0.00437 -2.46701 0.01800 -0.68372 0.00477 -1.65354 0.00978 0.56196 0.00650 -1.41468 0.01863 0.36860 0.00678 -0.60121 0.01090 -1.98165 0.00368 -3.95830 0.01784 -2.17501 0.00415 -3.14483 0.00949 -1.97665 0.01816 -0.19336 0.00536 -1.16318 0.01008 1.78329 0.01826 0.81347 0.02016 -0.96982 0.01026
2460492.6102894 0.82963 0.00343 -0.49365 0.00446 -2.48103 0.01773 -0.68115 0.00481 -1.63735 0.00970 0.56669 0.00664 -1.42069 0.01840 0.37920 0.00688 -0.57700 0.01088 -1.97621 0.00382 -3.96359 0.01758 -2.16370 0.00422 -3.11990 0.00943 -1.98738 0.01793 -0.18749 0.00550 -1.14370 0.01007 1.79988 0.01802 0.84368 0.01990 -0.95620 0.01023
2460492.6117361 0.82679 0.00343 -0.49480 0.00445 -2.52253 0.01870 -0.69267 0.00481 -1.64895 0.00979 0.54975 0.00658 -1.47798 0.01932 0.35188 0.00683 -0.60439 0.01092 -1.97271 0.00379 -4.00044 0.01855 -2.17058 0.00420 -3.12686 0.00951 -2.02773 0.01888 -0.19787 0.00547 -1.15414 0.01013 1.82986 0.01897 0.87358 0.02079 -0.95627 0.01029
2460492.6131713 0.82791 0.00345 -0.50522 0.00442 -2.49663 0.01844 -0.70636 0.00489 -1.67798 0.00986 0.53805 0.00661 -1.45336 0.01908 0.33691 0.00693 -0.63471 0.01102 -1.98423 0.00374 -3.97564 0.01829 -2.18537 0.00429 -3.15698 0.00958 -1.99141 0.01861 -0.20114 0.00551 -1.17275 0.01018 1.79027 0.01873 0.81866 0.02060 -0.97162 0.01040
2460492.6146296 0.80180 0.00345 -0.52084 0.00450 -2.52291 0.01899 -0.72254 0.00484 -1.71306 0.01026 0.57693 0.00673 -1.42514 0.01964 0.37523 0.00696 -0.61530 0.01141 -1.97648 0.00387 -3.97855 0.01885 -2.17818 0.00425 -3.16871 0.01000 -2.00207 0.01919 -0.20170 0.00556 -1.19222 0.01062 1.80037 0.01927 0.80985 0.02129 -0.99053 0.01076
2460492.6168171 0.78993 0.00346 -0.53410 0.00446 -2.55470 0.01898 -0.72798 0.00486 -1.71485 0.01061 0.56030 0.00682 -1.46030 0.01967 0.36642 0.00709 -0.62045 0.01180 -1.97641 0.00384 -3.99701 0.01884 -2.17029 0.00430 -3.15716 0.01037 -2.02060 0.01917 -0.19388 0.00558 -1.18075 0.01096 1.82672 0.01927 0.83985 0.02146 -0.98687 0.01113
2460492.6182639 0.76428 0.00338 -0.56348 0.00444 99.99999 9.99999 -0.74674 0.00475 -1.72068 0.01049 0.55826 0.00677 99.99999 9.99999 0.37499 0.00697 -0.59894 0.01167 -1.98030 0.00386 99.99999 9.99999 -2.16356 0.00422 -3.13750 0.01026 99.99999 9.99999 -0.18326 0.00553 -1.15720 0.01087 99.99999 9.99999 99.99999 9.99999 -0.97394 0.01100
2460492.6197222 0.74929 0.00347 -0.57038 0.00451 99.99999 9.99999 -0.77300 0.00490 -1.74139 0.01029 0.55733 0.00686 99.99999 9.99999 0.35471 0.00712 -0.61368 0.01151 -1.97133 0.00390 99.99999 9.99999 -2.17395 0.00434 -3.14235 0.01003 99.99999 9.99999 -0.20262 0.00564 -1.17101 0.01066 99.99999 9.99999 99.99999 9.99999 -0.96839 0.01083
2460492.6211690 0.73590 0.00341 -0.59314 0.00449 99.99999 9.99999 -0.77775 0.00491 -1.75129 0.01054 0.55089 0.00686 99.99999 9.99999 0.36627 0.00714 -0.60727 0.01174 -1.98099 0.00393 99.99999 9.99999 -2.16560 0.00439 -3.13914 0.01031 99.99999 9.99999 -0.18462 0.00570 -1.15815 0.01093 99.99999 9.99999 99.99999 9.99999 -0.97354 0.01111
2460492.6226157 0.72558 0.00349 -0.60452 0.00458 99.99999 9.99999 -0.79566 0.00500 -1.77545 0.01097 0.54394 0.00711 99.99999 9.99999 0.35280 0.00739 -0.62698 0.01224 -1.98148 0.00401 99.99999 9.99999 -2.17262 0.00449 -3.15240 0.01075 99.99999 9.99999 -0.19114 0.00583 -1.17092 0.01137 99.99999 9.99999 99.99999 9.99999 -0.97979 0.01155
2460492.6240625 0.72688 0.00349 -0.61284 0.00452 99.99999 9.99999 -0.79795 0.00498 -1.77476 0.01088 0.56743 0.00703 99.99999 9.99999 0.38232 0.00734 -0.59449 0.01214 -1.99428 0.00393 99.99999 9.99999 -2.17938 0.00446 -3.15619 0.01065 99.99999 9.99999 -0.18510 0.00576 -1.16191 0.01126 99.99999 9.99999 99.99999 9.99999 -0.97681 0.01145
2460492.6255093 0.72426 0.00355 -0.59967 0.00468 99.99999 9.99999 -0.78895 0.00505 -1.78412 0.01117 0.56513 0.00721 99.99999 9.99999 0.37586 0.00746 -0.61931 0.01245 -1.97677 0.00408 99.99999 9.99999 -2.16605 0.00451 -3.16122 0.01093 99.99999 9.99999 -0.18928 0.00590 -1.18444 0.01157 99.99999 9.99999 99.99999 9.99999 -0.99517 0.01173
2460492.6269560 0.72609 0.00351 -0.58338 0.00464 99.99999 9.99999 -0.77875 0.00501 -1.76951 0.01109 0.56967 0.00711 99.99999 9.99999 0.37429 0.00736 -0.61647 0.01233 -1.96135 0.00407 99.99999 9.99999 -2.15672 0.00449 -3.14748 0.01086 99.99999 9.99999 -0.19537 0.00586 -1.18614 0.01150 99.99999 9.99999 99.99999 9.99999 -0.99076 0.01165
2460492.6284144 0.73454 0.00356 -0.59734 0.00474 99.99999 9.99999 -0.78018 0.00513 -1.77549 0.01109 0.55702 0.00722 99.99999 9.99999 0.37418 0.00748 -0.62114 0.01235 -1.98470 0.00415 99.99999 9.99999 -2.16754 0.00459 -3.16285 0.01085 99.99999 9.99999 -0.18284 0.00600 -1.17816 0.01152 99.99999 9.99999 99.99999 9.99999 -0.99531 0.01169
2460492.6298727 0.75755 0.00359 -0.57000 0.00471 99.99999 9.99999 -0.75897 0.00518 -1.73331 0.01091 0.56692 0.00723 99.99999 9.99999 0.37795 0.00754 -0.59639 0.01221 -1.98091 0.00410 99.99999 9.99999 -2.16987 0.00463 -3.14422 0.01066 99.99999 9.99999 -0.18897 0.00600 -1.16331 0.01132 99.99999 9.99999 99.99999 9.99999 -0.97434 0.01152
2460492.6313194 0.75833 0.00362 -0.57184 0.00492 99.99999 9.99999 -0.76314 0.00512 -1.73641 0.01115 0.55033 0.00737 99.99999 9.99999 0.35904 0.00751 -0.61424 0.01243 -1.98218 0.00431 99.99999 9.99999 -2.17348 0.00455 -3.14675 0.01090 99.99999 9.99999 -0.19130 0.00608 -1.16457 0.01162 99.99999 9.99999 99.99999 9.99999 -0.97327 0.01171
2460492.6327662 0.78431 0.00376 -0.55162 0.00488 99.99999 9.99999 -0.73186 0.00521 -1.71627 0.01099 0.55517 0.00756 99.99999 9.99999 0.37493 0.00778 -0.60948 0.01241 -1.98896 0.00422 99.99999 9.99999 -2.16920 0.00460 -3.15361 0.01071 99.99999 9.99999 -0.18024 0.00605 -1.16465 0.01141 99.99999 9.99999 99.99999 9.99999 -0.98441 0.01156
2460492.6342130 0.78107 0.00374 -0.54182 0.00495 99.99999 9.99999 -0.72933 0.00535 -1.71313 0.01125 0.56215 0.00743 99.99999 9.99999 0.37464 0.00771 -0.60916 0.01255 -1.97534 0.00427 99.99999 9.99999 -2.16284 0.00474 -3.14664 0.01097 99.99999 9.99999 -0.18751 0.00619 -1.17131 0.01167 99.99999 9.99999 99.99999 9.99999 -0.98380 0.01185
2460492.6356713 0.80789 0.00380 -0.51030 0.00490 99.99999 9.99999 -0.70366 0.00531 -1.68144 0.01126 0.56279 0.00757 99.99999 9.99999 0.36943 0.00784 -0.60835 0.01265 -1.97025 0.00422 99.99999 9.99999 -2.16360 0.00469 -3.14138 0.01098 99.99999 9.99999 -0.19335 0.00611 -1.17113 0.01166 99.99999 9.99999 99.99999 9.99999 -0.97778 0.01184
2460492.6378588 0.81296 0.00385 -0.51518 0.00512 99.99999 9.99999 -0.70141 0.00551 -1.67556 0.01186 0.54996 0.00761 99.99999 9.99999 0.36372 0.00788 -0.61043 0.01313 -1.97991 0.00442 99.99999 9.99999 -2.16614 0.00487 -3.14029 0.01158 99.99999 9.99999 -0.18624 0.00638 -1.16039 0.01229 99.99999 9.99999 99.99999 9.99999 -0.97415 0.01246
2460492.6393171 0.82848 0.00390 -0.49942 0.00514 99.99999 9.99999 -0.69213 0.00560 -1.68626 0.01235 0.56464 0.00775 99.99999 9.99999 0.37193 0.00806 -0.62220 0.01365 -1.98107 0.00443 99.99999 9.99999 -2.17378 0.00496 -3.16791 0.01208 99.99999 9.99999 -0.19271 0.00646 -1.18685 0.01277 99.99999 9.99999 99.99999 9.99999 -0.99413 0.01296
2460492.6407523 0.83692 0.00409 -0.49519 0.00527 99.99999 9.99999 -0.68716 0.00578 -1.67983 0.01271 0.55056 0.00806 99.99999 9.99999 0.35859 0.00840 -0.63408 0.01410 -1.98433 0.00448 99.99999 9.99999 -2.17630 0.00508 -3.16897 0.01241 99.99999 9.99999 -0.19197 0.00658 -1.18464 0.01310 99.99999 9.99999 99.99999 9.99999 -0.99267 0.01331
2460492.6421991 0.84436 0.00406 -0.48900 0.00528 99.99999 9.99999 -0.66837 0.00577 -1.63756 0.01211 0.56525 0.00813 99.99999 9.99999 0.38588 0.00846 -0.58331 0.01360 -1.98711 0.00454 99.99999 9.99999 -2.16648 0.00510 -3.13567 0.01181 99.99999 9.99999 -0.17937 0.00664 -1.14856 0.01255 99.99999 9.99999 99.99999 9.99999 -0.96920 0.01277
2460492.6436458 0.85274 0.00412 -0.47273 0.00526 99.99999 9.99999 -0.66761 0.00570 -1.63872 0.01194 0.56190 0.00806 99.99999 9.99999 0.36702 0.00836 -0.60409 0.01341 -1.97814 0.00445 99.99999 9.99999 -2.17302 0.00497 -3.14413 0.01161 99.99999 9.99999 -0.19488 0.00647 -1.16599 0.01233 99.99999 9.99999 99.99999 9.99999 -0.97111 0.01253
2460492.6451042 0.84979 0.00414 -0.47135 0.00545 99.99999 9.99999 -0.66143 0.00583 -1.63101 0.01229 0.55587 0.00817 99.99999 9.99999 0.36579 0.00843 -0.60379 0.01372 -1.97281 0.00466 99.99999 9.99999 -2.16289 0.00511 -3.13247 0.01196 99.99999 9.99999 -0.19008 0.00672 -1.15966 0.01274 99.99999 9.99999 99.99999 9.99999 -0.96958 0.01291
2460492.6465509 0.85429 0.00424 -0.46103 0.00547 -2.47516 0.02457 -0.66483 0.00591 -1.63529 0.01263 0.58576 0.00840 -1.42837 0.02538 0.38196 0.00870 -0.58850 0.01415 -1.96930 0.00466 -3.98344 0.02440 -2.17311 0.00518 -3.14356 0.01231 -2.01414 0.02479 -0.20381 0.00677 -1.17426 0.01306 1.81033 0.02489 0.83988 0.02728 -0.97045 0.01325
2460492.6479977 0.86073 0.00427 -0.46430 0.00556 99.99999 9.99999 -0.64957 0.00598 -1.64551 0.01319 0.55037 0.00839 99.99999 9.99999 0.36510 0.00867 -0.63084 0.01460 -1.97655 0.00474 99.99999 9.99999 -2.16182 0.00522 -3.15775 0.01286 99.99999 9.99999 -0.18527 0.00685 -1.18120 0.01360 99.99999 9.99999 99.99999 9.99999 -0.99593 0.01378
2460492.6494444 0.85923 0.00439 -0.47366 0.00562 99.99999 9.99999 -0.65765 0.00625 -1.62042 0.01327 0.53586 0.00868 99.99999 9.99999 0.35188 0.00909 -0.61089 0.01482 -1.98375 0.00478 99.99999 9.99999 -2.16774 0.00550 -3.13051 0.01293 99.99999 9.99999 -0.18399 0.00709 -1.14676 0.01368 99.99999 9.99999 99.99999 9.99999 -0.96277 0.01395
2460492.6509028 0.84663 0.00459 -0.47568 0.00598 99.99999 9.99999 -0.66359 0.00635 -1.67020 0.01416 0.55978 0.00915 99.99999 9.99999 0.37187 0.00940 -0.63474 0.01576 -1.97447 0.00510 99.99999 9.99999 -2.16238 0.00553 -3.16899 0.01381 99.99999 9.99999 -0.18791 0.00733 -1.19452 0.01463 99.99999 9.99999 99.99999 9.99999 -1.00661 0.01478
2460492.6523495 0.84759 0.00469 -0.46750 0.00595 99.99999 9.99999 -0.65883 0.00659 -1.64861 0.01401 0.57712 0.00919 99.99999 9.99999 0.38579 0.00961 -0.60399 0.01566 -1.96822 0.00501 99.99999 9.99999 -2.15956 0.00575 -3.14934 0.01364 99.99999 9.99999 -0.19133 0.00743 -1.18111 0.01443 99.99999 9.99999 99.99999 9.99999 -0.98978 0.01470
2460492.6537963 0.87101 0.00478 -0.45284 0.00623 99.99999 9.99999 -0.64857 0.00687 -1.63521 0.01502 0.56136 0.00950 99.99999 9.99999 0.36563 0.00993 -0.62101 0.01664 -1.97631 0.00530 99.99999 9.99999 -2.17205 0.00604 -3.15869 0.01466 99.99999 9.99999 -0.19573 0.00784 -1.18237 0.01549 99.99999 9.99999 99.99999 9.99999 -0.98664 0.01576
2460492.6552546 0.86061 0.00521 -0.45917 0.00665 99.99999 9.99999 -0.65497 0.00737 -1.62813 0.01605 0.53227 0.01039 99.99999 9.99999 0.33647 0.01087 -0.63669 0.01792 -1.96898 0.00562 99.99999 9.99999 -2.16479 0.00646 -3.13795 0.01565 99.99999 9.99999 -0.19581 0.00836 -1.16897 0.01653 99.99999 9.99999 99.99999 9.99999 -0.97316 0.01683
2460492.6567014 0.85649 0.00536 -0.48006 0.00702 99.99999 9.99999 -0.65598 0.00763 -1.64208 0.01729 0.54336 0.01106 99.99999 9.99999 0.36744 0.01146 -0.61866 0.01929 -1.98851 0.00605 99.99999 9.99999 -2.16443 0.00674 -3.15053 0.01691 99.99999 9.99999 -0.17592 0.00886 -1.16202 0.01786 99.99999 9.99999 99.99999 9.99999 -0.98610 0.01811
2460492.6588773 0.85764 0.00587 -0.48907 0.00790 99.99999 9.99999 -0.65090 0.00852 -1.63091 0.01807 0.53777 0.01209 99.99999 9.99999 0.37595 0.01250 -0.60407 0.02026 -1.99910 0.00681 99.99999 9.99999 -2.16093 0.00752 -3.14094 0.01762 99.99999 9.99999 -0.16183 0.00995 -1.14184 0.01879 99.99999 9.99999 99.99999 9.99999 -0.98001 0.01906
2460492.6603241 0.85380 0.00683 -0.49088 0.00894 99.99999 9.99999 -0.65382 0.00950 -1.67814 0.02240 0.56420 0.01442 99.99999 9.99999 0.40127 0.01478 -0.62306 0.02510 -1.99940 0.00772 99.99999 9.99999 -2.16234 0.00837 -3.18666 0.02194 99.99999 9.99999 -0.16293 0.01117 -1.18726 0.02316 99.99999 9.99999 99.99999 9.99999 -1.02433 0.02338
2460492.6617708 0.86536 0.00782 -0.48029 0.00993 99.99999 9.99999 -0.64112 0.01113 -1.65398 0.02591 0.55727 0.01609 99.99999 9.99999 0.39644 0.01686 -0.61642 0.02884 -1.99981 0.00840 99.99999 9.99999 -2.16064 0.00979 -3.17350 0.02537 99.99999 9.99999 -0.16084 0.01267 -1.17369 0.02661 99.99999 9.99999 99.99999 9.99999 -1.01286 0.02708
2460492.6632176 0.86671 0.00964 -0.46388 0.01265 99.99999 9.99999 -0.61441 0.01369 -1.62760 0.03117 0.57091 0.02035 99.99999 9.99999 0.42037 0.02101 -0.59281 0.03501 -1.98461 0.01085 99.99999 9.99999 -2.13514 0.01205 -3.14833 0.03048 99.99999 9.99999 -0.15054 0.01597 -1.16372 0.03224 99.99999 9.99999 99.99999 9.99999 -1.01318 0.03266
2460492.6646644 0.85408 0.01113 -0.52272 0.01534 99.99999 9.99999 -0.64953 0.01627 99.99999 9.99999 0.48348 0.02335 99.99999 9.99999 0.35667 0.02398 99.99999 9.99999 -2.02683 0.01328 99.99999 9.99999 -2.15364 0.01434 99.99999 9.99999 99.99999 9.99999 -0.12681 0.01925 99.99999 9.99999 99.99999 9.99999 99.99999 9.99999 99.99999 9.99999
2460492.6661111 0.86342 0.01351 -0.52739 0.01838 99.99999 9.99999 99.99999 9.99999 99.99999 9.99999 0.48113 0.02839 99.99999 9.99999 99.99999 9.99999 99.99999 9.99999 -2.04199 0.01582 99.99999 9.99999 99.99999 9.99999 99.99999 9.99999 99.99999 9.99999 99.99999 9.99999 99.99999 9.99999 99.99999 9.99999 99.99999 9.99999 99.99999 9.99999
